364

REGISTER VAN PERSONEN- EN PLAATS-NAMEN.

DD.

Dacres (H.), 244, 252,

Daelen (van), 28.

Dam (van), 28.

Damang (pangeran), 112, 129.

Dame (H.), 254.

Dasi (sengadji), 225, 229, 250.

Datis, 28.

Deene (J.), 167.

Deenen, 22, 227, 255, 307, 3509,
3540.

Delft, 357, 40, 44, 240, 243, 507,
311, 515.

Deli, 177.

Demak, 52, 34, 63, 81, 85, 85, 95,
117, 140, 141, 176, 178, 204,
227, 231, 233, 241, 259, 261,
231, 293. 295, 508, 325, 527,
3535, 554, 556.

Denemarken, 48, 199.

Descartes, 305.

Diamant (punt de), 216, 273, 518.

Dia Menggala (kiai rangga), 299.

 Soeta (kentol), 279.

Diestpoort te Batavia, 51, 66, 87,
146, 181, 208, 234, 263, 297,
359, 360.

Dinkels (J.), 147, 157, 249.

35352,

509,

108,
205,
286,
532,

11,
329,

Diringo, 177, 205, 206, 252, 292, 295,
527.
Dispontyn (D.), 28.

Djambi, 51, 95, 114, 130, 1351, 155155,

149 154, 156, 158, 162, 165,
183, 187, 196, 216220, 222,
240, 242, 245, 248, 251, 255,
268, 269, 271, 307, 537.

Djambineezen, 101, 154,
218.

Djoeana, 34, 95, 107, 109, 141, 172,
177, 184, 192, 194, 204, 205,
231, 232, 259, 261, 292, 295,
327, 554, 557.

Diohor, 134, 155, 145,
163. 218, 219, 242,
3558, 554.

Djohoreezen. 95, 150, 150, 158, 1853,
248, 253, 337.

155,

176,
215,,
526,

162,
519,

149 -154,
245, 268,

218,

 Djotan, 1l.
Does (J.), 28, 147.
Domingo (F.), 3555.

Domong, 63, 145, 251, 295.
Dompo, 190, 252, 272 -278, 551,
Dorgerel (fort), 502.

Dubbeldekop (W.), 15, 225, 255,

pj

Eekhoff (H.), 164.                   81, 94, 9, 98, 102 105; 114,
Eggersz (H.), 1, 81.                 127, 128, 134, 135, 150, 152, 154,
Eldercampius (A), 525.              158, 161, 164, 187, 196, 212, 216,
Eldertsz (D.), 164.                    220, 222. 227, 228, 23941, 244,
Elmers (P.), 28, 65.                  248, 253, 255, 270, 280, 507, 325,
Engeland, 3-5, 56, 59, 60, 70, 127, 152,     559.

196, 200, 222, 229, 240, 245, 247, Enkhuizen, 12, 57, 58, 42, 45, 116,

249 -256, 264, 266, 269, 270, 279        120, 257, 509, 515, 516,

282, 339, 541.          546.
Engelsz (T.), 28, 148, 157.    :    (halve maan), 297.
Engelschen, 19, 2022, 46, 56, 57, 80, I

Google
