516

Bandjar, 26, 61, 142, 144, 170, 171, 207,

209, 229, 251, 256, 297, 556.

Bandjermasin, 286, 298.

Bangaai, 41, 371.

Banka, 9, 52, 71, 108, 115, 118,
128, 153, 147, 151, 1553, 158, 178,
189192, 279, 331, 555.

Bantam, 8, 16, 17, 24, 27,

51, 52b6, 59, 61, 66, 71, 73,
14, 1781, 85, 85, 8789, 91,

92, 94, 96, 98 101, 105, 106,

109, 111, 114116,
122,
159,
169,
207,
250,
251,

118, 119,

125, 138142, 1561153,

160, 162, 164, 165, 167

171, 187192, 198, 205

215218, 221, 226, 228,

254, 239-241, 246, 250,

255, 255, 256, 2735, 289,
291, 295, 297, 299, 502, 3504,
506, 507, 512, 515, 317, 518,
522324, 526528, 550355,
55b, 540, 545 545, 347, 349,
550, 355, 361, 565, 365 567,
570.

   -mers, 367.

Barbaquet (hoek van), 511, 348, 349.

Barents (A), 155.

Baron (S.), 29, 138, 151.

Baros, 59.

Bartelsz, 265, 266.

Bartheese, 42.

Bastinck (W.), 285, 285.

Batenburg, 217.

Batjan, 40, 41, 47, 264, 265, 269.

Batoe-besi, 3508.

’ -keka, 7

Baukes (N.), 15.

Bax, 107.

Beck (H.), 344, 364.

Bedoela, 255.

Beeck (J.), 94.

Beek (J. ter), 119.

Been (A. van der), 258.

Digitized by Google

125  '

29, 51, 52,

REGISTER VAN PERSONEN- EN PLAATS-NAMEN.

, Bekasi, 370.
Bellasore, 77, 79, 89, 91,
, Bendert, 249.

j  Bengalen, 11,

95, 226.

15, 58, 61, 71,
154, 168, 177, 212, 221,
508, 518, 520, 342, 345,

Berhies (H.), 151.

Berghoge (D. jk Na

 Beuckman (H.), 1

Biligam, 107.

117, 145,

566568.

 Biliton, 93, 118, 125--126, 128, 189
192, 229.
Bima, 18-20, 60, 84, 142 144, 199.

      200, 206, 220, 242, 280, 297, 315,
521, 558, 570, 371.
 (Sultan), 266.
Binckershoeck (M.), 177,
Binoeang, 7.
Binongko, 49, 267.
 Blauwet (J.), 112.
Bock (P. de), 515.
Bodong, 26, 170, 171, 229, 251,
256, 298, 3570, 371.
 Boedjoe (negorij), 515.
Boelan, ek 249.
 Boeleleng, 242, 280.
 Boeloe besloe, 60, 169, 255.
 Boeton, 18, 26, 4043, 49, 50, 60, 145,
144, 161, 169, 207, 229, 256, 264
  267, 270, 271, 298, 537, 3571.

254,

Bokshoorns, 3548.

 Bolck (D. van den), 262.
 Bombay, 120, 255.
 Bommer (H.), 116.

Bonang, 26, 208, 209, 256.
Borges da Silva (J.), 148.

Bornezee (M.), 161.

Bort (B), 10, 12, 15, 61, 69, 70, 81, 82,
88, 94, 96, 119, 122, 155, 201, 221,
251, 261263, 265, 275, 276, 278,
285, 505, 508, 509, 311, 553, 51,
545, 348, 551, 352.

Original from
PENN STATE

222, 276, 277,

Bogaert (A.), 2931, 119, 176, 216, 254.
