REGISTER VAN PERSONEN- EN PLAATS-NAMEN.

Soera sil (Pangeran), 247,

Soerate, 35, 64, 71, 73, 79, 114, 116
Lig, 120, 1256, 156, 137, 159, 14l,
66, 168, 176, 177, 188, 199, 206,

216218, 221, 223, 234237, 250,

253, 273, 276, 291-293, 304, 317,
5l, 342, 365.

Soesoehoenan, 4, 5, 97, 100, 101, 104,
105, 115, 116, 121, 132, 133, 150,
154, 164, 224, 242, 242, 247, 320,
524, 325,

Soeta Wangsa (kiai), 227, 228.

Solor, 3437, 297, 314, 515.

Soolmans (L), 10, 140, 162, 177, 226.
Soury (J.), 148.

Spanje, 79.

Specx (J.), 180.

Speelman (C.), 6, 4245, 49, 51, 139,
140, 147, 152, 199, 218, 225, 234,
257, 241, 265, 267, 285, 284, 3505,
530, 331, 553, 347, 350, 3568.
Splieter, 161.

Spyck (J. van der), 315215, 358.
Stoekvis (J. H.), 166, 167.

S' Jago, 99, 116.

St Nicolaas-baai, 8, 167, 240, 503, 345,
347, 350.

587
St Thom, 325, 327, 340.
Straat Banka, 128, 159, 178, 184, 189,
192, 223, 265, 277, 279, 295,
502, 509, 3510, 315, 317, 325,
350, 553, 541, 347, 349, 352,
3555, 566.
, Doerian, 278, 309, 3510.
, Madura, 243.
 Malaka, 108, 115, 275.
 Saboen, 12.
 Singapore, 262, 278, 295, 508
311, 348, 352.

 Soenda, 32, 38, 71, 77, 99, 121,
122, 155, 159, 174, 178, 184, 185,
187, 192, 505.
Strantwyck (G. de Davidt), 1
Struys (A.), 70, 147, 152.
Sumatra's Westkust, 11, 53,.75, 77, 106,
117, 161, 162, 186, 189, 222, 505,
506, 331, 5353, 3534, 562.
Suurmondt (O.), 217.
Swart (C.), 530, 3551.
(C.J), 344, 345, 347, 350, 361,
565, 367.
, (J.H), 347.
Sweeris (P.), 268.
Swenne (E. van), 187.

312, 225.

T.

Tack (F), 186.

Tadoenang., 26, 60, 170, 250, 254, 297,
299, 556, 371.

Tagal, 24, 26, 59, 60, 85, 109, 111, 141,
144, 170, 171, 209, 229, 251, 24,
256, 297, 298, 336, 337, 370, 373.

Tagoelanda, 44,

Taioean, b4, 55, 101, 117, 158, 151, 160,
167, 169, 309, 340, 350, 366, 368.

Tamboeko, 42, 44.

Tamboelan, 111.

Tanara, 25, 68, 82, 109, 142,

                     170, 208.
Tandjoeng-laso, 49.

Digitized by Google

Tanette, 7.

Tangeran, 59, 82, 111, 255, 556, 510.

Tapoeki, 507.

Tegenepatnam, 98, 114.

Teloeboe, 267.

Tengsoei (kiai loerah), 6, 22, 25, 259,
245, 247, 248, 259, 289.

Terhorst (H.), 10, 148.

Ternatanen, 50.

Ternate, 2, 4, 11, 15, 3844, 47 b1,
72, 92, 156, 159, 162, 164, 259, 264
268, 270, 290, 299.

Terville (H.), 10, 150.

Original from
PENN STATE
