REGISTER VAN PERSONEN- EN PLAATS-NAMEN.

Ei.

Eeuwigh (T. van), 186.

Elmers (P.), 140, 152, 177.

Engeland, 9, 16, 52, 35,
106, 116, 160, 167,
206, 217, 221, 226,
2735, 274, 276, 292, 295, 504,
312, 315, 320, 524527, 352,
552, 354, 361.

188, 192, 205,

546,

51, 52--54, 99,

254, 950, 255, '
509,
 Enkhuizen. 161, 184, 562.
 Europa, 99, 216, 227, 565.

 Engelschen, 9, 16, 25, 29, 50, 35, 57,

49, 71, 75, 79, 81, 89, 94, 105, 159,
151, 168, 169, 188, 205, 206, 220, 253,
275, 290, 295, 502, 303, 511, 512,
515, 517-522, 524 -327, 331 353,
555, 545, 544, 347, 561, 566 - 568.

EF

Feron (H.), 181.
Formosa, 151, 549.
Fraey (D.), 72.

Francen (C.), 529.                 126, 128, 159, 147, 151, 155, 160,
 (J), 225.                168, 169, 205, 216, 220, 226, 250.
Franex (G.), 11, 15, 58, 40, 41, 47, 72,   2535, 261, 262, 265, 272-276, 279,
159, 264, 265, 270, 290.             282, 290, 296, 503, 305, 509, 512,
Frankrijk, 106, 118,140,141, 188,205,217,   520, 521, 524, 327, 528, 531, 555,
250, 272, 275, 275, 276, 292, 293, 296,     545, 544, 547, 397.
309, 512, 515, 517, 520, 527, 540, 546. i
CH.
Galjettes, 107.                     272, 2756-296, 508, 323, 541, 562.
Gamron, 245.                        365.
Ganges, 566.                 Goens (R. van) de jonge, 14, 96, 107,
Gapi, 41.                           325, 562.
Garoeda, 207, 255, 256.              Goeree, 137.

Geesten (J. van), 129.
Gemoeroe, 75.
Ghysen (J. van), 344, 364.
Gilliam, 218.
Gillissen (.), 88.
.   (M.), 314.
Goa, 141, 268.
 (Celebes), 198.
Godia Ebrahim, 19.
Godong, 207, 209, 250, 298, 556.
Goens (R. van), 14, 53, 96, 107, 154, 175,
178, 179, 185, 192, 198, 261, 265,

Digitized by Google

Frans (J.), 156.               ’
Franschen, 16, 23, 29-51, 52, 54, 67,

71, 75, 79, 81, 89, 99, 118, 125

Goes (J.), 177.

Golkonda, 79, 3525.

Gombong, 26, 82, 144, 256.

Gorontalo, 44.

Gosens (G.), 212.

Gotske (Y.), 63, 263, 348.

Goutsinith (E.), 365, 567.

Graeff (J. de), 12, 94, 177.

’s Gravenbroek (A.), 151.

Grimmel (T.), 198.

Grissee, 6, 17, 253, 25, 26, 52, 58, 60,
712, 85, 92, 95, 97, 109, 110, 142,

Original from
PENN STATE
