726                 REGISTER VAN PERSONEN- EN PLAATS-NAMEN.

Brouwer-straat, 205.

Brummer (L.), 225, 444.

Bruyl (G.), 85, 200, 201, 212, 430, 652,
634.

Bruyn (G. de), 315, 319.

Buffkens (J.), 284, 285.

Burgers (J.), 10, 224.
Burum (D), 9, 244, 270.
Bushof (H.), 447.

Buys (R. J.), 119, 121.
Bwool, 244.

C.

Cabita, 240.

Cabo dos Corinthos, 101.
 Negro, 555.

Caeuw (J.), 16, 534, 404, 445, 446. 560,
595, 692.

Caletus, 3551.

Camp (H. op de), 294.

Campen (J. van), 226

Camphuysen (J), 255, 238, 333, 555, 556.

Carpentier (R. de), 481.

Casembrood (J.), 219.

Cassier (P.), 7U5, 711

Caulier (J.), 150.

Ceilon, 18, 20-22, 50, 108, 109, 114,
115, 119, 126, 128131, 1359, 140,
142, 147, 149152, 165, 167, 178,
180, 1835, 184, 186, 188, 192194,
197, 209, 210, 218, 258, 281, 290,
291, 295, 294, 5309, 513, 515, 518, 520,
521, 526, 327, 529, 531, 335, 558,
552, 560362, 564 567, 574, 581
589, 407, 411415, 418, 420, 421, 425,
427, 428, 4354, 445, 449, 451, 472,
485, 488, 489, 492, 495, 502, 503,
b15, 517, 521, 527, 549, 550, 5h2,
554, 556, 566, 568, 570572, 577,
579, 580, 582, 584, 586, 595, 594,
651, 665667, 669, 672, 677, 678,
680, 689, 709.

Ceith, 266.

Celebes, 245, 247, 248, 592, 400, 555.

Ceram, 251, 265268, 271275, 278,
279, 599, 478480, 520, 540, 558,
584, 585, 695.

Digitized by Google

Ceram-laut, 271, 272, 480, 558, 585, 695.

Ceramimners, 254, 262, 271, 275, 277
379. 464, 476, 520.

Cerousi, 311.

Cesar, 255, 338, 533, 355.

Ceulen (W. van), 225.

Chaestachan, 665.

Chalipa, 137.

Chamber (T.), 116.

Chamoeratbek, 458.

Chancefoe, 49.

Chanchanna (Nabab), 94, 107, 108, 140.
166, 167, 169, 211, 295, 504, 515,
389, 411, 424, 491, 503, 590, 591,
665.

Chandoera (Nabab), 429, 6352, 665, 672.

Chasian, 7, 94, 297.

Chasousa (Prins), 7, 291, 297.

Chaul, 506, 385, 546, 547.

Chechamet (nachoda),  142.

Chekian, 44, 58.

Chenoti, 189.

Cherihon, 2, 24, 25, 66, 152, 155, 152
161165, 221, 222, 3359, 340, 511
414, 417, 459, 461, 522, 524,
638, 659.

Chesne (M. du), 224, 226.

Chiasahan, 505.

Chilau, 195, 586, 580.

China, 58, 39, 44. 57B59, 70, 71, 1,
94, 99, 129, 159, 158, 174, 176, 188,
206, 208, 220, 228, 235335, 251 -
259, 286, 288, 318, 336, 558, 5H.
552, 354, 492, 494, 599, 600, 604,

Original from
NEW YORK PUBLIC LIBRARY

