REGISTER VAN PERSONEN- EN PLAATS-NAMEN.                129

542, 555, 564, 567, 587, 594, 655    6359, 641, 669, 671, 672, 678680,

655, 671, 680, 688.                682685, 687, 688, 695, 710.
Engelschen, 19, 26, 29, 30, 35, 37, 6265, Enkhuizen, 172, 175, 549, 352, 5383, 696,

68, 70, 80, 82, 85, 89, 98, 100, 108,           704, 705.

115, 117, 118, 129, 157, 158, 1435      . (punt), 581.

145, 149, 150, 160, 167, 170, 172,  Ernestus (punt), 657, 710.

180, 183, 184, 189, 195, 196, 200,  Erpolin, 120, 188, 189.

201, 205, 205, 231, 257, 260263,  Erang, 275.

378, 282, 288, 292-294, 307, 308, Es (van), 435.

312314, 3516, 318, 519, 521, 326,  Eskel Andriesz, 574.

327, 348, 353, 559, 360, 363, 364,  Esquieviel (D. d’), 594, 595.

366, 367, 372375, 384, 385, 410 Essen (C. van), 190, 191.

413, 421, 422, 426, 429, 430, 433,  Estekarchan, 294296, 298, 504, 505,
449, 455456, 458, 466468, 475, 590.

476, 486, 488490, 492, 500, 503, Ethiopie, 675, 678.

505, 615, 518, 527, 538, 559, 541, Europa, 58, 59, 125.

542, 547, 549, 551553, 555, 557, Evertsen (V.), 313.

559, 566, 567, 572, 573, 577, 584, Evertsz (L.), 250, 280.

586, 587, 590, 594, 627, 632655,

F.

Faber (C.), 224.                      Fo-ki, 236.

Faifong, 73.                          -kin, 45, 624.

Farrer (H.), 466, 475, 509,.519. Fonteyn, 60.

Faselchan, 294298, 504, 505, 315, 590. Formosa, 12, 23, 41, 54, 94, 97, 254,

Fato-meto, 556.                    2355, 237, 253, 3534558, 600, 610,
Feali, 495.                       619, 621, 622, 624-626, 628, 630,
Ferment (G.) 225.                642, 71, 712, 718, 719.
    (J.) 158, 345.               Foster, (F.), 512.

Firando, 651.                      Fragri, 94.

Figredo (F. V. de), 199.              Frankrijk, 59, 107, 506, 307, 312, bil,
Fizen, 644.                          512, 671.

Florisz (A) 598.                    Franschen, 98, 107, 282, 516, 587, 567.
Fo-cheu, 59, 60.                   Funinsi, 43.

 ho (rivier), 44.

G-
Gales-baai, 579.                                    Gampang, 415.
Galjettes (de), 151.                             Gamron, 108, 112, 115, 145, 149, 290, 291,
Gama-lama, 259243, 245, 247, 592,       295, 294, 308, 512, 513, 382 -585, 422,
3594 396, 551, 552.                                495, 495, 669, 675, 675, 676, 678, 680.

En                                             Original from
Digitized by Google                          NEW YORK PUBLIC LIBRARY
