REGISTER VAN PERSONEN- EN PLAATS-NAMEN.                   137

605, 606, 609, 618, 619, 621, 642, ' Cook (P), 467, 510, 512, 517, 526, 530,
645, 647, 649, 655, 657, 691, 711,   542.
112, 718.                       Cops (J.), 237, 705.
Chincioe, 57, 61, 62, 176, 605, 611, 618,  Cortehaeff (J. A), 34.
625, 628, 717, 718.           Corte Reael (M), 546.

    (rivier van), 537, 716.         Cos (S.), 9, 228, 253, 239, 240, 245, 246,
Chinezen, 1, 51, 55, 37, 40, 45, 57, 68,  248255, 255, 261263, 265, 271,
72, 74, 80, 88, 99, 111, 174, 176,   276, 278, 399, 461, 463 -465, 481,
177, 187, 205, 207, 225, 227, 237,   498, 531, 556, 540, 54l, 584, 585.
239, 240, 275, 344, 345, 348, 360, Costa (J. de), 528.
566, 433, 455, 458, 472, 500, 503,  Coulster (L. van), 226, 345, 553, 411,
518, 600, 601, 608, 614, 616, 626,    670, 571, 675, 682.
636, 638, 659, 641, 642, 649, 651 Couplet (P.), 58-60, 97, 631.

653, 657, 691, 692, 694, 695, 699, Covet (F), 1017, 159, 154 -161, 170,

710, 711, 719.                219, 234, 255, 258, 240, 5535
Chozia Ibrahim, 638 559.            j      535.
Christiaens (C.), 5.                   , (G.), 15.
Claesz (J.), 34, 65, 80, 145, 187, 356,  Cracau (G.), 475.

451, 528.                  Croese (A), 382, 407.

, (L.). 280, 482.                 Croocq, 60.
Clapton (B.), 431, 633.              Croon (J.), 70, 76, 124, 155, 158, 224,
Clomp, 60.                    237, 345, 400, 442, 455, 564, 584,
Clough (W.), 512.                   689.
Cobb, 653.                           Cruyce (van der), 60.
Cochin-China, 80, 187, 312, 657, 658.    Crux (H. de), 577, 578.
Colochucho, 248, 250.                Culenburg (H.), 352, 495.
Commers (D.), 225.                   Cunaeus, 584.
Concordia (fort), 495, 497.             Curr (M.), 208, 433, 589.

DD.

Dacherom, 113, 505, 595.             Daoedchan, 426, 665.
Daicel, 577.                       Darasakoer, 506, 590.
Dam (Jacob van), 15, 22.              Dassen-eiland, 290.

 (Jan van), 14, 237, 250, 255, 256, Deenen, 574, 419, 473.
260 2635, 268, 273, 276, 280, 599, Deka, 21, 107, 141, 166, 167, 295, 297,

464, 465, 476, 479, 481, 556.   424, 425, 427, 453, 664, 665, 667, 668.
 (P. van), 469.                  Delaronse (M.), 3594.
Daman, 297, 385, 592.                Delelchan, 664.
Dammer, 262, 279, 477, 479, 480, 557. Delft, 103, 172, 475, 521, 704.
Danderagipoera, 645. (redoute), 266.
Dankers (A.), 225.             Delhi, 104, 140, 142, 294, 299, 3504,
Danser (S. den), 226, 554.              305, 507, 515, 426, 589, 664, 678.

Original from

Digitized by Google                          NEW YORK PUBLIC LIBRARY
