58                REGISTER VAN PERSONEN- EN PLAATS-NAMEN.

8251, 2355, 244, 248 250, 267, Mamet Hassan Kasoeneri, 515.
7   285-285, 288, 540, 54b,    .   Isoep, 142, 426, 665, 672.
78, 591-595, 597, 599, 401,   .   Kasim, 21.
403, 406, 415, 436 -440, 443, 444,   Moerad, 427.
446, 460, 475, 496498, 500, 5O4   .   Sarief, 664.
507, 522, 524, b5l, b57, b59, 558,    .   Sjah (Sultan), 85, 91, 93, 700.
564, 565, 591, 595, 659, 692, 695, Mamoelia (Sultan), 82, 95, 697, 698.
105.                          Map (R. de), 564.
Makasaren, 55, 247249, 254, 259, 261, Manaar, 197, 529351, 420, 585.
262, 272, 275, 277280, 475, 474,  Manapare, 675, 576.

47E 478, 482, 520, 558.         Manaqua's, 711.
Makian, 244, 248, 251, 596, 598, 556. Mandarsjah, 9, 241, 242, 248250, 251
Makino, 651.           596, 551, 555, 556, 537.
Makisser, 279.     .     (vesting), 266.

Malabar, 115, 150, 151, 140, 151, 180, , Mandawa, 525.
182, 185, 186, 291, 508, 518, 520, ' Mandoera (Pangeran), 155, 200, 255, 542,
521, 552, 559, 581, 585, 492, 550,    562, 457, 494.
515, 669, 674.                   Mangati, 188, 189.
Malabaren, 415.                    Manggave (lDang), 564, 639.
Malaforsia (Radja), 700.           Mangioela, 137.
Malaka, 27, 50, 51, 55, 36, 65, 69, 95,  Mangnasa (Dang), 229.
115, 150, 151, 146, 148, 156, ' Mangobe, 645.
159, 160, 165, 167, 169, 200  Manikabers. 158, 145, 195, 213, 565,
214, 223, 225, 255, 255, 257,    528, 684, 702.

509, 515, 355, 537, 544, 545,  Manikapalnam, 586.

554, 556, 360 -562, 372, 574, Manila, 9, 26, 35, 54, 58, 68, 70, 80,
82, 585, 587, 409, 421, 425,    93, 159, 176, 177, 259, 230, 242
450 455, 449, 492, 455, 455,   245, 246, 592, 594, 395, 597, 531,

5
472, 475, 5O1505, 528, b5l,    556, 564, 629, 650, 655, 658, 659.
551, 585, 587689, 592, 628,  Manipa, 265 -269, 275275, 465, 540,
652658, 655, 657 660, 667,    585.

693, 706708, 710.           Manoeban, 508.
 (straat), 527, 566.             Mansir Sjah (Radja), 92.
Malapa Maloe, 518521, 579.          Manuel (J.), 681.
Malaphar Sjah (Radja), 85, 91, 92.       Mapeli, 574.
Maldiven, 7, 140, 151, 167, 212, 295, Mara (Datoe), 474.
529, 412, 4b1, 489, 578, 579, 672.      Bita (Ngabehi), 217, 218.
Maleijers, 205, 207, 215, 251, 254, 272,  Maradja Indra (Panglima), 85, 697, 8.
545, 498, 695.                          100.
Maleioe, 5353.                          .    Lila, 82, 697.
Malta, 657.    Manindra, 701.
Mamet Aminchan, 305, 664, 665.    Nan Joeda, 85, 86, 699.
 Chan, 545, 647.               Maravile, 586, 412, 580.

En                                           Original from
Digitized by Google                        NEW YORK PUBLIC LIBRARY
