744                REGISTER VAN PERSONEN- EN PLAATS-NAMEN.

580, 584, 594, 666, 667, 669, 675  Poetchim (rivier), 71.

680, 682, 709.                    Poetih (Nachoda), 37.
Perzi (golf van), 567. Point de Gale, 1350, 131, 147, 150, 151,
Petapoeli, 5053, 554.                186, 188, 197, 218, 281, 521, 328
Phareya (P.), 505.   3352, 560, 581, 585387, 412, 420,

Philippinas, 241.                      484, 552, 566, 582, 584, 672, 710.
Piggen (J.), 544, 518, 519, 526, 529, 541. Pol (J. G. van der), 688.
Pinglamong, 627, 629.        Polen, 59.
Pinhero (A), 206.                   Ponda, 545.
Pinho de Fonseca (M.), 12, 122.        Pondi, 488, 586.
Pipeli, 18, 20, 21, 104, 105, 107, 108,  Ponepili, 448, 449, 566, 594.
140, 142, 565, 568, 411, 426, 429,  Pontang, 18, 555, 590.
665. 667670, 672, 675.          Poole (H.), 145.
Piscadores, 255, 5356, 557, 554, 599602, ' Poolman (C.), 128, 226, 614, 616, 615,
611, 626.                      620, 715, 717.
Pit (J.), 110.                        Poolvoet (E.), 174177, 215, 456, 655
 (L), 22, 104, 109, 112115, 117, 657, 710.
118, 146- 148, 150, 169, 204, 364 Poppe (V.), 555.
568, 575-575, 581, 586, 587, 414,  Porka, 119, 120, 126, 129, 178, 181

418423. 454, 442, 447 449, 486,   185186, 188, 189, 192, 195, 514.
489, BO1, 521, 560, 561, 591, 640.     525 521, 559, 411, 415, 568, 570,
Pits (J. J.), 658.                 572, 575, 577, 682.
Pittavin (A), 5. Porto Novo, 110, 115, 204, 211, 212,
Plangei, 86, 87.  565, 574, 451, 452, 454, 489, 551,
Platte Vorm (fort), 552.                 654, 656, 679.
Plinlochin, 77.                    Portugal, 55, 59, 100, 1253, 129, 185, 184,
Plockhhoy, 599.               219, 255-257, 507, 517, 529, 551,
Poelesere, 110, 115.             ;  598, 517, 585, 595, 411, 423, 456,

Poeloe Ai. 255258, 260, 261, 276, 277,    459, 440, 448, 472, 488, 491, 502,
280, 481, 518, 521, 540, 557, 559. 546, 555 579, 641, 671, 681, 682, 695.

Aur, 600.                   Portugezen. 4, 26, 50, 33, 55, 59, 46, 57,
 Laut, 415.                     58, 71, 72, 75, 94, 97, 98, 107, 115,
 Pandjang. 5, 65.                117, 118, 120124, 126, 127, 129.
 Rakit, 27.              170, 172, 178186, 189, 192, 197,
 Rhoen, 255, 257, 260, 261, 265,   215, 215, 228, 229, 251, 252, 280.
459, 466470, 475, 509515, ' 288, 289, 507, 515, 517, 518, 522,
515517, 526, 527, 529552, 525, 525, 526, 328530, 545, 549,
542, 557, 559, 584, 665.     552, EL, 564, 572, 385, 595, 412,
 Saoesoe, 250.                   415, 420, 422, 450, 455, 457, 459, 443,
 Tiamon, 600.                  448, ir 492, 495497, 505, 505,
 Tjinko, 705, 704.               506, 557, 545-545, 547, 555, 565.
Poerbaia (Pangeran), 2, 155.           571, 572, 576, 577, 592, 595, 651,
Poerba Negara (Pangeran), 145.      641, 642, 659, 669, 678, 681, 695.

Original from

Digitized by Google                          NEW YORK PUBLIC LIBRARY
