REGISTER VAN PERSONEN. EN PLAATS-NAMEN.

6352636, 658660, 667, 672, 697,
700, 707.

Atjihnezen, 528, 698703.

Aurengzeeb, 105, 107.

1

123

Auxbrebis (M.), 21.
Ava, 111, 112, 176, 366, 657.
Azavedo (A. Homem de), 458440.

B.

Babasisinai, 544.
Babasmai, 545.
Baber, 277, 477.
Bacharach, 520.
Backer (C.), 471.
 (G.), 113, 116, 150.
, (Jd), 471.
Bacx (J.), 121, 122, 585.
Baderpaira, 501.
Badrapaneik, 317, 320, 492.
Baert (A.), 150.
Bagoeala (S.), 271.
 (pas van), 266.
Bagoes (Intje), 171.
Baiang, 82, 561, 697700, 703.
Baipar, 576.
Baipin, 119,
325, 568.
Baixos, 580.
 de Antonio Viana, 355.
. Padua, 293.
Bakenoor, 319.
Bakloeang, 611.
Balagi, 543, 544.
Balboelachan, 109, 147, 204, 447.
Baldeus, 551.
Bale (J.), 512.
Balemboeangan, 161.

125, 128, 181, 189, 192,

Bali, 2, 25, 81, 153, 161, 165, 200, 221,
254, 539, 557, 562, 577, 415, 459,

460, 522, 471.
 (J.), 466.
Baly (M.), 541.
Bamsamoeder, 682.
Banda, 3, 8, 14, 17, 20, 153, 228,
237, 239, 250, 255, 255,

Digitized by Google     il

260264, 572, 275, 276-281, 2853,
398, 4635467, 469, 475482, 497,
498, 500, 501, 509512, 515, 517,
518, 520, 521, 524, 526, 527, 529
531, 540, 542, 556-558, 584, 585,
595, 663, 689.

Bandanezen, 188.

Bandjermasin, 17, 24, 66, 152, 133, 163,
220, 222, 251, 285, 286288, 359,
341, 375, 578, 415, 416, 460, 461,
4735, 474, 6525, 524, 596.

Bandoeriti, 192.

Bangai, 9, 556.

Bangi, 4536.

Bangka (eiland), 255.

Bangkalis, 65.

Banka, 170, 359, 685.

 (straat), 659.
 -poera, 545.

Bankesal, 215, 215.

Bantal, 157.

Bantam, 35, 5, 6, 9, 17, 18, 24, 26, 27,
31, 32, 34, 38, 62, 63, 66, 6870, 80,
81, 92, 93, 99, 115, 133, 138, 1359, 144,

150, 152, 155, 156, 160, 165, 170,

197, 199, 200, 202, 215, 219, 221,

250, 255, 255, 256, 281, 285, 308,

555, 5b5,

378, 381,

416, 433,

456 -458,

496, 500,

524, 526,

584, 587,

662, 681,

196,
222,
556, 540, 542544, 548,
556, 562, 563, 575, 376,
588-590, 407, 409, 410,
455, 456, 442444, 454,
460, 466, 471, 475, 494,
509, 510, 5l4519, 525,
527, 529531, bel, 564,
595, 596, 654, 658, 659,
688, 704, 705.

Original from
NEW YORK PUBLIC LIBRARY
