REGISTER.                 401

Denijs (Samuel), 80.

Deutekom (Vaandrig), 67,

Diamant (Punt of bolwerk), 318, 344,
345, 347, 369.

Diemen (Anthonio Van), 56, 66, 89,
100, 104, 161, 166, 167, 172, 176,
190, 198, 209,217,227, 231, 236,
247, 283, 291, 294, 296, 327, 333,
345, 367, 397,

Dierexsen (Pieter), 194, 216.

Dierexsen (Willem), 236.

Di(e)u, 331.

Djambi en Djambinezen, 3,6, 10,11,
14, 19, 27, 33-35, 39, 40, 51,
55, 5760, 71,81, 85, 99, 100,
117, 118, 121123, 130, 132, 135,
136, 138, 139, 147, 148, 176 118,
181, 196202, 204, 205, 207, 208,
211, 215 -220, 223, 224, 226 229,
234, 235, 239, 244, 246, 251, 279,
283, 2x4, 287, 290, 293, 294, 296,
991, 301, 302, 305, 306, 313, 316,
318, 323-325, 336, 340842,
386, 388, 389.

Djapara, 5, 16, 26, 33, 35, 39, 40,
A8, 50, 51, 52, 62, 78, 88, 96,
97, 100, 130, 131, 133, 131, 146
148, 150, 152, 186, 188, 215, 244,
246, 253, 256, 259, 264, 218, 281,
289, 295, 299, 305, 315, 317, 352.

Djohor en Djohoriten, 14, 33,81, 125,
199.

Doet mij uijt (Cornelis), 265.

Dooreslaer (Jacob Van), 3, 27, 3032,
30, 50, 54, 56, 58, 61, 66, 74,
85, 89, 93, 97, 102, 110118,
160, 161, 166, 167,172, 115, 176,
184, 188, 190, 196-198, 207, 217,
226, 227, 231, 232, 236, 247, 200,

268, 283, 291, 294, 296, 301, 305,
307, 308, 314, 315, 325, 327.

Digitized by Google

neee

Dornaij (Jan), zie: Horney.

Draeck (Adriaen Woutersz.), 213, 367.

Drent (Cornelis Theunissen), 88, 92,
206, 208, 368.

Dshask, 160.

Duiveneiland, 195, 253.

Duijnen (P. Van), 333.

Dijcke (Jan), 258.

Dwars-in-den-weg (Eiland), 211.

E.

Edo, zie: Jedo.

Endeh, 97, 124, 126, 278.

Enkhuizen (Kamer van), 316.

Enkhuizers, 263.

Engel (Teunis Jacobsz), 2.

Engelschen, 3-5, 8, 11, 4,  15,
271--32, 34, 36-39, 42, 45, 48-50,
52-63, 66-12, 74, 18, 81-89,
92-95, 91117, 123, 127129,
131, 132, 134-138, 147, 148,
150-153, 155-164, 166-181,
183, 184-192, 194209, 211
214, 217220, 224, 226235, 239,
240, 242, 247253, 255, 208,
260265, 268271, 277-28L,
983285, 289292, 29427,
301-305, 301-315, 318, 323 -
350, 336, 337, 339, 342, 316, 349,
352, 355, 351, 361363, 391.

Espahan, zie: Ispahan.

Evertsen (Dirck), 103.

Eijck (Adriaen van der), 258.

F.

Falmouth, 289.

Ferere (Ruy), 159.

Firando, 14, 41, 164. 225, 306, 323,
334, 335, 338,

Original from
NEW YORK PUBLIC LIBRARY

f
J

