494

Ipere Moedi, 500.
Isempoer, 517.
Ismael (Intje), 54, 55, 584.
e  Mellechahan (Said), 207.

Jacobsz (H.), 227
 (3), 70, 71, 122.

Jafnapatnam 95, 217, 409, 415.

Jakatra, 255, 259, 275,    559, 400,
401, 407, 410, 414, 416.

Jangsalang, 565, 427, 459.

Janke, 205.

Jokthai, 121

Jansz (E.), 199.
(JI), 171.
, (W.J), 17

Japan, 45, 72 74, 82, 107, 110 -115,
117120. 125, 127, 150, 152, 156,
158 -140, 142, 145, 145, 147-154,
156, 158, 159, 162, 164, 171, 175 -177,
181, 215, 242,244, 248--255,2116 - 265.
277, 281, 282, 506, 515, 3522, 559,

545, 549, 550, 469.

214,

REGISTER VAN PERSONEN-

Ivie (T), 545, 557, 558, 406.

’ Japon (kitjil),

Japanezen, 75, 74, 78, 82, 83, 148, 150,
 Joartlan, 161, 385.

152, 153, 157, 245, 346, 405.
Japara, 10, 11, 13, 17, 35, 45, 46, 55 57,
61- 65, 68, 71, 120, 121, 124, 129,
150, 159, 161, 165167, 174, 179,
204206,214,215,221, 2355, 246 248,
255, 269, 276, 280. 286, 305, 504,
523, 335, 3534, 351-539, 541 552,
354556, 560-562, 367, 368, 574,
375, 384- 587, 589, 592, 595, 598,

1

EN PLAATS-NAMEN.

Isoff (Kodja), 54.
Ispahan, 511, 515.
Ilam (Intje), 466.

451, 440, 4il,
450, 457, 467,

Javran,   4710.
Jatoe Tehakeke, 451.
Jattanura, 95.

Java, 269, 529.

Javanen, 4, 57, 62, 110, 123, 134, 129,
164, 165, 178, 229, 243, 248, 81,
506, 3523, 358, 559, 341, 342, 540,
546, 552, 353, 356, 559, 561, 962
3566, 384-387, 589, 592, 402, 418,

422, 455, 444 - 447, 460, 467, 474, 410.
Jedo, 131, 1355, 136, 139, 145, 152.
Jeko-no-kami, 156, 158.

Jenligoes (J.), 142.
Jeronimo, 142.
Jeronimusz (L.), 66.

Jocha, 110

Joeda Karti, 555,

Joehoewan, 252.

Jok sim, 112, 115, 158, 159.
Jone (C.), 227.

Juan (don), 257, 3575.

Junio (R.), 265.

Judia, 152.

EK

Kaap de goede hoop, Gt, 104, 195, 545,
344, 540, 459.

Kabasitang. 429.

Kaboe, 295.

Kaertekoe (M: W.), 4, 69,

161, 180,

Digitized by Google

196, 198, 199, 202, 225, BI, 252,
465, 466.

Kaflers, 241.

Kagajang, 282.

Kaibobo, 6055, 287, 291, 292, 295, 51

Original from
NEW YORK PUBLIC LIBRARY

pO

amet          ee         ame         me
