502

Pedel, 114.
Peeckel (J.), 229.
Pegu, 87, 88, 90, 91,
218, 219,
Peka, 285
Pekalongan, 46, 71,            2
247, 272, 506, 357, 558, 541545,
545, 547, 548, 356, 3560, 561, 574,
515, 385-587, 468.
Peko, 118, 176, 248, 264, 267.
Pelisa, 452, 455.
Perak, 56, 70,

269, 520, 419, 421, 425.

125,  214,  221,

122, 210, 276, 52
556, 560, 56

541, 345-545, 548,
565, 375, 585587, 589, 595, 402,
406, 418, 422, 427429, 451, 444,
449, 459, 470, 476,

Perboekistna, 194.

Perziaan, 93, 188.

Perzi, 18, 60, 88, 90, 150,
180, 189, 192194, 209, 217, 220.
236, 264, 507-309, 511, 513, 515,
518, 519, 375, 578, 379, 585, 409,
422, 440, 449, 457, 474.

Pesaman, 192.

Pessaert (B), 90, 104, 185,
323, 555, 590, 420.

Petapoeli, 87, 105, 104, 186 189,
917, 218, 522, 390, 418.

Piacha, 455, 437, 458.

Piers (Mr), 179.

Pieterboots-haven, 459.

Pietersz (B.), 509, 510, 514, 517, 5
   (C.), 227.

)   (P), 51.

Pinamba, 115, 159.

Pinguero (A. L.), 565.

Pipeli, 89, 91, 92, 104, 216, 217,
519, 520, 420.

Piscadores, 112, 114, 116, 118.

175, 176,

184, 218,

195,

Pith (L.), 555, 358, 545, 545, 547, 549.

585.
Plas (A. van der),
Poeati, 30.

216, 519, 420.

Digitized by Google

170, 189, 207,

REGISTER VAN PERSONEN- EN PLAATS-NAMEN.

Poenaba, 176.

Poeloe Ai, 60, 296, 446.
 Babi, 61, 359.
 Kadra, 189.
 Koekap, 162.

p   Lada, 250, 565.
 Pandjang, 3556, 559.
 Pasir, 63.

 Roen, 581.
 Varella, 174.
Poelosera, 88- 91, 185, 206, 217, 210

521, 522.

Poerangara, 10.

Poeti, 242.

Poetih (nachoda), 278.

Point-de- Gale, 17, 18, 66, 67, 92, 95
95, 96, -99, 101103, 186, 189. 217,
220, 255, 2356, 238240, 318, 521,

534531, 597, 407, 411, 415417
422, 445, 444, 474, 478, 480--482.
Poneri, 421.

Ponnemille, 185.

Poortman (M.), 195.

Poppe (A. C.), 227.

Porto-novo, 8890, 206, 521, 421.

Portugal, 141, 190, 199, 2 , 25
411, 452, 441, 445, 444, 447,:
469.

Portugezen, 15, 9, 5540, 55, 56, 61.
66, 71, 76, 47, 81, 82, 84, 85, 9,
92, 95, 9598, 105, 112, 118, 122.
129, 150, 152, 153, 155, 156, 158 145,

to
en)
to

147 149, 151, 152, 156, 197.
161164, 175, 174, 180, 185-185,

187, 189191, 195, 198, 199, 202, 204,
208, 209, 216, 217, 220, 221, 225226,
229-231, 2354239 243-245, 255.
259261, 263, 269, 275, 279-282,
353--556, 538, 340, 345, 345, 550, 551.
555, 357, 558, 561 563, 367, 581. 597,
598, 403, 405, 407, 411 416, 418,
419, 422424, 427, 450, 44045.
447, 461, 465, 466, 469, 475, 481 485.

Original from
NEW YORK PUBLIC LIBRARY
