REGISTER VAN PERSONEN- EN PLAATS-NAMEN,

Celebes, 588.

Ceram, 47, 54, 292, 2953297, 299,
3502, 3503, 569, 3570, 572, 389, 446,
455.

Ceram-laut, 16, 54, 296,
 (groot), 16.

Cerammers, 14.

Cesio (D.), 225.

Ceysanbat, 125.

Champher (nachoda), 203, 205, 207.

Chappa, 295.

Chatim Maleyo, 417.

Chauel, 61.

Cheribon, 10, 13, 34, b4, 4b, 55B57,
65, 67, 68, 71, 86, 102, 106, 110, 120,
121, 125, 124, 160, 182, 203, 210,
211, 214, 221, 233, 241, 245, 246, 248,
256, 270, 276, 278, 279, 304, 306, 525,
554, 558, 341 345, 545, 547349,
552, 554356, 360, 561, 367, 374,
515, 584589, 596, 3598, 401, 405,
418, 422, 427, 440 441, 444, 445, 447,
449, 450, 457, 467, 475478,

Chiaka (riv.), 226.

Chiapman, 315.

Chibaon, 93.

Childerhuysen (J.), 173, 200, 228.

Chili (Intjeh), 224.

China, 74, 83, 112, 113, 117119, 154,
158, 159, 175, 246, 264, 267, 276,
515, 529, 344, 346, 350.

Chinana, 8892, 184186, 212, 522,
k17, 419421, 458.

Chincheu, 75.

Chindi, 516.

Chinezen, 6264, 7375, 113, 114,
116119, 124, 129, 150, 147, 148,
154, 155, 158, 159, 175, 176, 181, 185,
195, 205, 215, 229, 239, 242, 243,
247, 248, 253, 259, 265, 266, 268,
269, 275, 279, 281, 287, 297, 301,
504, 531, 334, 3538, 339, 341, 343,
544, 546, 352, 356, 362, 363, 515,

572, 446.

Digitized by Google

489

375, 384, 3585, 587, 589, 592594,
402, 418, 422, 440, 441, 444, 445,
460, 467, 476.

Chittimaley, 210.

Chodia (nachoda), 3505.

Christiaanshaven, 2707

Christus, 156.

Ciel (hoek van), 292.

Gierrewetoer, 185.

Clady (anachoda), 14.

Cloeck (T.), 171, 174.

Cloet (N.), 304.

Cochin-china, 73, 121, 129, 564.

Gock (D.), 10, 404.

Cocqmi (P.), 169.

Goeckebacker (N.), 210, 250, 251, 254.

Coenraets (.), 446.

Goetche, 156.

Coggens (A.), 187, 218, 590, 420, 421.

Colomeninde, 99, 100, 335.

Colombo, 95, 99, 101, 102, 189, 220, 254,
256240, 356, 3591, 397, 599, 407,
409411, 4135417,444,469,481, 482.

Colpetry, 93.

Colster (P.), 227.

Compostel (J.), 3, 36, 46, 59, 60, 65,
197, 205, 206, 209, 210. 522, 425.

Connorechitti, 88, 89, 91, 184.

Connoye, 297.

Coolman, 152.

Gooper (J.), 4, 59, 58, 121, 161, 162,
197, 199, 222, 465.

Coquero (don S.), 117.

Coqun (P.), 212.

Corles, 258, 259.

Cornelisz (A), 227.

n    (C.), 318.
p    (R.), 3529.

Cortado (S.), 142.

Coster (W.J), 18, 67, 88, 92, 95, 256, 257,
354, 555, 599, 409, 410, 415, 442, 445.

Couchitchia, 197.

Courten (Mr), 5.

Original from
NEW YORK PUBLIC LIBRARY
