REGISTER VAN PERSONEN- EN PLAATS-NAMEN.                 527

Sidajoe, 12, 22, 40, 61, 63, 79, 81, 105 Soembawa, 162, 188, 258.
105, 124, 126, 145, 162, 189, 213, , Soemenep, 42, 79, 81, 104, 125, 267,
238, 409, 427, 480, 481, 485, 508, 290, 366, 409, 411, 427, 458, 484,

50g.

Sidokari, 42, 103, 124, 144, 145,

481, 482, 484.
Si-kwa, 350, 90.
Silebar, 92, 113, 201.
Silljaert (R.), 467.
Silva (J. de), 51.
Simons (M.), 131, 378.

 (P), 378.

 (S), 8, 47, 90, 96, 101,

227, 244, 272, 287, 317.
Singa Marta (pangeran), b.

508.

255, Soemoer, 308.

Soerabaia, 12, 42, 50, 61, 78, 105, 124,
126, 144, 145, 161, 165, 186, 189,
211, 218, 255, 238, 254, 267, 290,
334, 356, 547, 365, 3568, 590, 592,
409, 410, 458, 460, 481, 485, 484,
606, 509.

’ Soerate, 6, 11, 16, 29, 34, 36, 47, bb,

117, : 60, 101, 110, 111, 116, 129, 159,

141-145, 148, 151, 176, 177, 183,
192, 195 195, 201, 216, 251, 259,

Singanap, 61, 186, 210, 3509, 534, 556,    262, 264, 508, 518, 319, 349, 557,

591.
Singa Perbangsa, 154.
Singaradja, 79, 146, 592.
Singa Wangsa (raden ngabchi), 76.
Sinkobaia, 590.
Sintok, 70.
Sipaman (J.), 168.
Siquero (J.), 578.
Siwasi, 318.
Six (D.), 1, 415, 441.
Sjiraz, 464.
Sloot, 421.
Smient (D. J.), 57.
Smit (M.), 90, 119, 542, 545.

364, 571, 583, 586, 595, 402404,
415-416, 418, 451, 452, 455, 457,
459, 441 -445, 449, 465, 495.

Soeria di Laga (kiai adipati), 496.
 Negara (kiai demang), 444, 448,

487.

 Soesoehoenan, 18, 19, 29, 30, 50, 66 -
68, 77, 84, 85, 98, 114, 119, 122,
154, 155155, 158, 167, 174, 201,
218, 226, 285, 500, 306, 514 -316,
559, 587, 454, 468, 476, 477, 489,
490.

Solo, 3520, 3525.

Solor, 12, 146, 391, 466.

Snouck (C.), 76, 99, 106, 120, 129, 262,  Sontar (rivier), 227.

565, 584, 407, 423, 490, 492.
Socceda, 105.

Soekadana, 22, 53, 50, 126, 150,

162, 500, 316, 465, 469.
Soela, 557, 453.
Soelfoedisjah, 170.

Soolmans (1), 76, 244, 550, 401, 405.
Sopeng (radja), 25.
152,  Soury (J.), 8, 342.
Spanjaarden, 271, 272.
Specx (J.), 175, 578.
Speelenburgh (tuin), 458.

Soembar, 12, 22, 40, 42, 61, 63, 80, 105, Speelman (C), 18, 20, 169, 172, 196,

105, 124, 126, 145, 164, 187,
212, 235, 258, 252, 254, 509,
555, 565, 568, 590, 592, 408,
425, 427, 459, 460, 480, 484,

bog,

211,   285, 3520, 521, 555, 558, 559, 565,
554,   564, 574, 576, 438, 441, 450, 4b4,
410,    495.
506, Splinter (J.), 3599, 400.

St Helena, 421, 4355.

Original from

Digitized by Google                                   PENN STATE
