528

S' Helena, (baai van), 220.

 Jago, 231, 451.

 Joanna (eiland), 432.

 Joris (fort), 470, 471.
 Nicolaas-baai, 17, 544, 386, 431.
 Palma, 450.

 Vincent, 282.

Stadlander (J.), 91

Stangerus (J.), 470.

Steenhoff (B), 574, 375, 387, 467.
Sterckenburgh (J. van), 119, 121, 565.

Straat Banka, 115, 347349, 556, 502.

 Malaka, 439.
 Soenda, 15, 1719,
66, 68, 84, 92 9,

28, 54, 51,
99, 115, 116, -

REGISTER VAN PERSONEN- EN PLAATS-NAMEN,

118, 152,
226-228,
557, 564,
4351, 4353,
500, 505.
trantwyck (G.), 8, 350 466.

truys (A), 47, 91, 96, 101, 117, 245,
3542, 545, 475.

Sumatra's Westkust, 2, 15, 45, 65, 66,
68, 69, 81, 88, 119, 120, 126, 138,
139, 149, 157, 158, 163, 174176,
202, 205, 246, 278, 295, 313, 514,
3529, 540, 550, 595, 598, 405, 407,
417, 418, 420, 421, 438, 449, 4bb,
465, 475, 476, 503, b04.

181, 185, 200, 207, 208,
251, 281, 297, 544, 555,
584586, 596, 419421,
457, 456, 493, 495, 499,

Wa Wd

fan

Taboekan, 169, 561, 452.

Taboelan, 509, 311.

Tadoenang, 22, 42, 79, 124,
161, 163, 189, 255, 267,
566, 568, 591, 411, 426,
481, 484, 507, 509.

Taelman (C.), 91, 545, 595.

Taets (W. J.), 408.

Tafel-baai, 95, 102, 185, 220,

Tagal, 12, 22, 40, 42,
103, 105, 124, 126,
163, 186, 188, 210,
252, 254, 266, 510, 3534, 555, 565,
568, 590, 592, 409, 411, 425, 427,
458, 461, 480, 483, 507, 509.

Tagoelanda, 169, 3561.

Taioean, 45, 46, 85, 92, 102, 201,
217, 259, 262264, 271275,
294, 298, 313, 555, 352, 353,
5135, 5835, 491, 505.

Tambalang, 3509.

Tanara, 10, 20, 40, 60, 79, 104,
162, 178, 184, 200, 242, 258,
288, 508, 566, 390, 392, 409,
470, 472, 480.

145, 146,

250.

61, 65, 79, 81,
145, 145, 161,
215, 255, 258,

295,

144,
266,
426,

Digitized by Google

290, 554,
427, 458,

208,

bb,

Tana-raksa, 114.
Tanette, 324.
    (radja), 25.

Tangeran, 10, 20, 40, 60, 104, 124, 161,
187, 211, 227, 256, 252, 265, 55b,
590, 409, 458, 479, 481, 509.

( Tanoewangsa, 461.

Tapaki, 70.

Tartaren, 502, 464, 467, 505.

Tegenapatnam, 54, 93, 305, 5553.

Tello, 72, 85, 97, 98, 106, 123.

 (radja), 24, 25, 155, 165, 184, 525,
404.

Terhorst (H.), 90, 91, 121, 542, 345, 380.

Ternate, 9, 17, 18, 24, 26, 31, 115, 114,
123, 167170. 172, 173, 185, 195,
245, 246, 249, 250, 272, 290, 319
522, 324, 325, 535, 554, 555, 367
561, 364, 378, 3587, 417, 420, 426,
450, 4524b4, 459, 475, 476, 5O5, 506.

 Ternatanen, 98, 3573559, 561, 376,

Terville (H.), 8, 549.

 Teuver, 3505.

Texel, 282, 297, 341, 555, 372, 385, 587,
596, 398, 450.

Original from
PENN STATE
