514

REGISTER VAN PERSONEN- EN PLAATS-NAMEN.

B.

Babay (H.), 550.

Baboeti, 171.

Backer, 401, 466.

 (T.M), 332, 352, 575, 405, 416.
Baixos de Padua, 120.
Bajang, 205, 204, 399, 401.
Baka (radja), 454.

Bakliangan, 162.

Bali, 42, 61, 80, 103, 125,
161, 187, 210, 255, 355,
409, 459, 460, 480, 507.

Balimboangan, 5, 18, 85.

Balineesch-kwartier te Batavia,

Banda, 5, 9, 51, 79, 85, 98,
146, 149, 162, 165, 174,
217, 218, 232, 257, 247,
267, 529, 345, 546, 552,
406, 425, 454, 456, 450,
476, 477, 485, 501.

Bandanezen, 1351, 578.

144, 148,
566, 590,

157.

125, 144,
169, 212,
248, 258,
554, 565,
451, 458,

Bandjar, 22, 79, 104, 144, 145, 161, 165,

187, 188, 211, 213, 255, 237, 254,
266, 353, 366, 3568, 590, 592, 409,
411, 427, 458, 461, 481, 483, 508,
509.

Bandjermasin, 5, 161, 181, 182, 209, 274.

Bangkala (radja), 25.

Banka, 449, 465, 466, 468, 496, 505.
 (eiland) bij Menado, 169.

  (straat), 51, 352, 260, 265, 271,
272.

Bantam, passim.
 -mers, 458.

Bareu (J.), 451.

Baros, 45, 61, 66-68, 70, 84, 188, 204,
958, 263, 264, 295, 296, 500, 516,
317, 592, 599, 410, 427.

Basangan, 115.

Bassora, 111, 112, 142.

Batang, 11, 187, 211, 215.

Batikalo, 553, 554, 372, 575, 456.

Digitized by Google

Batjan, 115, 168, 172, 246, 3554.
Baukes (N.), 90, 245, 542.

Beeck (D), 152, 345.

Beecq (H. van), 296, 319, 421, 468, 488.
Been (A. van der), 90, 115, 342.

 Bekasi (rivier van), 179.

Bengalen, 1, 5, 15,

Bogaert (A),

Bolcq (D. van

Bekendorp (H.), 227.

Belien (radja), 26.

Bengale (D.), 550.

56, 42, 55, 75, 102,

1355, 136, 142, 176,

190, 192, 1953, 197,

269, 282, 513, 337,

549, 364, 583, 584, 589, 401,
402, 408, 439, 443, 457, 467, 469,
410, 475, 474, 485, 488, 490.

Bengkalis, 105, 235, 252, 289, 461.

Bilawa, 454.

Billiton, 426.

Bima, 22, 177, 181, 188, 237, 254, 267,
290, 3554, 363, 564, 484, 491.

Bintaim, 454.

Bischoff, 55.

Blauwmeulen (J.), 260.

Bliek (J.), 440.

Blitar, 18.

Bodong, 12, 211, 254, 565, 568, 592,
459, 460, 481, 4835, 508, 509.

115,
177,
221,
543,

121123,
179, 180,
2359. 257,

 Boegineezen, 98, 102.

Boekit-boeloes, 138.

Boeloe-boeloes, 257, 524.

Boengaja, 560, 561.

Boeton, 79, 1035, 145, 163, 168, 175,
187, 189, 195, 196, 210, 213, 257,
246, 254, 266, 311, 320, 521, 347,
357359, 566, 314576, 3590, 592,
427, 459, 484, 491, 492, 5O5507,
509.

101, 139, 259, 374, 595,

441, 442.

den), 417.

Original from
PENN STATE
