REGISTER VAN PERSONEN- EN PLAATS-NAMEN.                 517

127, 144, 145, 155, 162, 186, 189, ' Dompo, 177, 354, 363, 364, 491.
211, 213, 254, 289, 309, 533, 338,  Doornicq (B. van), 452.
354, 566, 3590, 3592, 408, 410, 425, , Driesen (J. van), 119.
427, 459, 480, 484, 507, 509.      Dubbeldecop (W.), 24, 278.
Djohor, 10, 20, 61, 96, 101, 157, 220 Duinkerken, 502.
223, 227, 228, 235, 252, 266, Duins, 383, 384.
271, 290, 298, 581, 582, 446, Duizend eilanden, 115, 117.

447, 507. Dussen (L. van der), 29, 120, 151, 589,
.   -reezen, 528.   596, 407, 456, 464.
Djotang, 79, 104, 124, 145, 162, 186, Dwars in den weg (eiland), 19, 117, 532,
189, 211, 255, 367, 510.              3596.
Ei.
Eggersen (H.), 39, 242.              179, 193, 201, 218, 252, 243, 248

Engeland, 3, 17, 38, 95, 152, 155-157, 250, 258-260, 272, 301, 333, 342,
179, 184, 195, 194, 201, 202, 220,   545, 555, 580. 404, 418, 451, 455,
229, 251, 242 244, 247, 250, 259, 470, 487, 505, 506.

262, 552, 340, 387, 398, 403, 404, Enkhuizen, 14, 19, 20, 95, 100, 198,
15, 421, 431, 435, 437, 465, 469, 224, 36b, 385, 396, 398, 498.
671, 487, 491, 502, 504, BOB.      Erbervelt (P.J), 354.
Engels (T.), 395.                    Erkelanchem, 456.
Engelschen, 17, 28, 40, 85, 91, 92, 100, Es (D. van), 565.
120, 148, 149, 151, 152, 156, 178, ' Europa, 152, 6502.

FE"
Falso (kaap), 387. Frankrijk, 16, 34, 47, 152, 185, 251,
Fauconier (J.), 47, 48, 69, 109, 110.     283, 4351, 432, 435, 451, 502.
Feirera (J.), 281.       Franschen, 219, 220, 250, 251, 259, 283,
Ferment (J.), 587.                    402404, 420, 451435, 457, 459,
Feron (H.), 27, 91, 116, 119, 262, 285.    449, 451, 465, 467, 487, 502, 505.
Finisterre (kaap), 183.           Franx (C.), 348, 549, 556, 3574, 405,
Formosa, 208, 259, 260.                 428.
Foxcroft (G.), 470472, 474.       i Frontenius (F.), 450.

Gr.
Galisse (A. van), 349, 356.             Geere (J. de), 408.
Gallus (L.), 197.                     Geesten (J. van), 17.
Gamron, 456, 464.                   Geldria (kasteel), 456.
Garoeda, 103.                     Gillis, 415.

Original from

Digitized by Google                                   PENN STATE
