524

REGISTER VAN PERSONEN- EN PLAATS-NAMEN.

OO.

Ockerse (O.), 24, bi, 55, 65, 227, 280,

293, 298, 419, 458, 473, 475.
Oedjoeng-pandan, 321 -523. 526, 359, 565.
 -salang, 67, 68, 84.
Oedoeg, 104.
Oelakan, 70.
Ohrsen (J. d’), 156, 167.
Onrust, 271, 450-453.
, (Engelsch), 405.

Ontong-Djawa, 187, 211, 258, 458.

Oppynen (J. van), 18, 177, 521, 491.

Osmedos de Suras (baai), 220, 251.

Outhoorn (W. van), 24, 244, 565, 580,
415.

 Overbeke (A. van), 492, 495, 497.

Overtwater (J.), 3565.
,     (P. A), 9, 17, 31, 119, 150,
173, 260, 262, 354, 441, 450, 472.

FP.

Padang, 10, 20, 42, 6971, 202204,

247, 252, 266, 288, 309, 354, 355,
398, 399, 410.

Padjang-koenang, 155, 277, 284, 287,
297, 346, 377.

Padjarakan, 144, 409, 481.

Pahang, 2355, 288, 3355.

Paliakate, 33, 357, 55, 93, 117, 125, 158,
139, 1567, 175177, 195, 197, 242,
265, 282, 3043507, 353, 4235, 424,
4335, 413.

Pamalang, 12, 20,
105, 124, 126,

40, 42, 62, 78, 105,

145, 162, 165, 187,
189, 211, 213, 255, 258, 252, 254,
309, 334, 535, 565, 3568, 592, 425,
459, 461, 480, 483, 508, 510.

Pamanoekan, 12, 42, 60, 62, 78, 80, 104,
105, 124, 144, 145, 161, 164, 186,
187, 210, 213, 2356, 258, 252, 254,
367, 290, 309, 310, 3534, 555, 566,
368, 390, 592, 409, 410, 425, 427,
458, 461, 480, 481, 485, 507.

Palaka (radja), 24, 25, 125, 167, 168,
181, 185, 196, 323, 326, 527, 559,

452, 454.

Palembang, 10, 12, 26, 27, 31, 52, 40,
47, 6062, 73, 75, 79, 105, 117, 118,
121-123, 125, 126, 145, 164, 184,
187, 188, 194, 9211, 212, 227, 251,

Digitized by Google

255,
272,
517,
565,
409,

244, 250,
277279,
526, 528,
568, 574,

252, 254, 259, 265,

288, 290, 309, 311,

330, 534, 3355, 356,

579, 393, 404 406,

411, 418, 421, 425, 427, 459,
bhl, 459461, 466, 468, 482, 485,
496, 500, 505, 508, 509.

Palembangers, 449, 465, 496, 497.

Pampangers, 151.

Panaroekan, 507.

Panpenaar, 505.

Pantjana, 358, 559, 454.

Paranauw (F.), 131, 585.

Pariture, 195, 196.

Parijs, 185.

Pasaman, 204, 399.

Pasir, 12, 22, 164, 188, 2135, 238, 416.

Pasirakan, 145.

Pasir-ikan, 163.

Pasoeroean, 104, 127, 187, 211, 258, 567.

Patani, 10, 367, 480, 508.

Patikoe (radja), 25.

Patoe-dioe (radja), 24, 25.

Patoepangan, 204.

Pau, 69, 138.

Pauw (P.), 42, 81, 107, 128, 190, 200,
207, 225, 226, 337, 462, 485, 499, 502.

Pavillioen (A), 34, 37, 55, 93, 125, 159,
176, 197, 264, 305, 306, 508, 3559,

Original from
PENN STATE
