REGISTER VAN PERSONEN- EN PLAATS-NAMEN.                 385

Djaga-pati, 227.
Djaja Menggala (kiai), 255.

Djambi, 48, bl, 63, 75, 89, 102, 155,
145, 145, 147, 158, 162, 172, 216,

218, 225, 228, 229, 257, 261, 275,
276, 280, 296, 297, 502, 552. 557.
558, 540, 557, 558, 571, 572.

Djambineezen, 171, 276.

Djankongan, 147, 149, 208, 210, 246,
248, 285.

Djasoeta (kentol), 68,

Djening, 18.

Djepelau (goegoegoe), 262, 270, 272.

Djoeana, 12, 21, 45, 6770, 75, 121,
138, 147, 149, 159, 160, 180, 182,
192, 205, 206, 209, 210, 214, 222,
228, 257, 258, 245, 244, 247, 249,
255, 275, 281, 285, 287, 288, 290
292, 297, 518, 520, 3527, 528, 3355,
346, 3573, 575.

Djoe Machar Gamalama, 18, 266268,
354, 355, 560.

Djohor, 20, 42, 65, 80, 89, 218, 249,
257, 278, 297, 572.

Djohoreezen, 65, 145, 171, 216, 218, ;

275, 276.
Djonti, 81, 82.
Djotan, 48.

 Dodinga, 555.

 Does (J.), 122.

Domong, 48, 75, 120, 121, 125, 128,
129, 156, 154, 159, 160, 164, 165,
167, 168, 176, 185187, 189, 192,
205, 206, 214, 219, 221-223, 225
227, 255, 255, 237, 258, 241, 245,
255256, 258, 529, 5356, 545, 568.

Dompo, 15, 1719, 155, 262, 265,
359.

Doncker (W.), 194.

Donlopes (G.), 9.

Dorpentaka, 65, 88, 98.

Dorre (J. van), 570.

Driessen (J. van), 556.

Dabbeldecop (W.), 12, 40, 49, 92, 93,
104106, 150, 188, 196, 204, 225,
260, 261, 274, 293, 516, 525, 529,
54b.

Dugheyn (A. D.), 549, 3551, 3555, 554.
    (J.), 266, 268, 274, 548 552.

Duins, 156, 175, 178, 504.

Duizend-eilanden, 35, 46, 47, 145.

Dupr (D.), 74, 78, 287289.
 (P.), 537.

' Dyek (J. van), 272, 546.

  (M. van), 525.

Ei.

Egbertz (H.), 6, 40, 129, 1355, 156,
160, 164, 166, 178, 195, 367,

370.
(IJ), 265.
(0), 78.

Egosia Ragia, 185, 255, 299.

Elmers (P.), 121.

Elsas, 219.

Engeland, 8, 17, 50, 62, 91, 102, 109,
1355, 140, 191, 218220, 257, 259,
261, 265. 279, 296-298, 551, 555,
558.

Google

Engels (T.), 52, 122.

Engelschen, 17, 36, 57, 58, 56, 65, 64,
75, 80, 87, 95, 102, 105, 135, 144,
146, 159, 160, 176, 188, 217, 218,
229, 2351, 267, 259, 261, 275, 276
278, 289, 296, 500, 572, 540, 544,
555,

Enkhuizen, 30, 52, 155, 309, 514, 515,

518.
     (halve maan), 577.

Estachan (Sjah), 155.

