586
Janssen (D.), 64, 119, 188, 198.
 (F.), 200.
 (1), 196.
 (NJ), 198.
 (P.), 200.

Japan, 9, 17, 35, 56, 76, 88, 89, 98, 99,
123, 126, 152, 286, 337, 558.

Japaneezen, 55.

Japara, 8, 11, 12, 1517, 20, 26, 58
41, 45 -48, 52, 60, 635, 6671, 74
19, 81, 82, 85, 96, 97, 105, 111, 112,

REGISTER VAN PERSONEN- EN PLAATS-NAMEN.

525 550, 552554, 556, 540, 544 -
546, 556558, 561, 565, 567569,
575, 575.

Javanen, 15, 16, 22, 25, 27, 59, 40, 44,
46, 48, 52, 57, 62, 63, 6669, 71,
76, 77, 835, 96, 97, 119121, 128,
129, 157, 158, 145, 150, 151, 160,
165169, 177, 184, 186, 187, 192,
205207, 212, 218, 221, 222, 226,
227, 254242, 252, 255, 258, 259,
262, 265, 270, 275, 285, 287, 288,

120, 121, 124, 125, 127129, 155,    292, 296, 524, 525, 527530, 332
156 159, 147, 149, 157, 159, 160,   554, 3540, 5443546, 556, 369, 377.
164, 165, 167, 176178, 180, 182,  Jeveren (R. J. van), 194.
185189, 192, 204208, 210, 215,  Jongelingh (A), 195.
2212235, 226228, 235 -255, 257, Jongh (D. T. de), 92, 201, 340.
245, 244, 246, 253257, 260, 266,     (M. de), 348.
270, 275, 276, 278281, 285, 286, Jonker (kapitein), 2.
288, 292, 295, 296, 297, 519, 321, , Jurriaansen (P.), 200.
KE.

Kaap de Goede Hoop, 15, 14, 16, 24 27, 29,
30, 56, 80, 85, 86, 89, 91, 101, 107, 108,
136, 157, 1359, 140, 142, 152, 154,
169, 172176, 178, 179, 202, 204,
229251, 250, 251, 262, 304, 505,
307, 3508, 514, 316318, 3558, 559.

Kabon, 76,

Kadendan, 269.

Kaidipan, 274.

Kai-tsoe, 56.

Kajeli, 247, 249, 285, 319521.

Kako, 55, 54.

Kalamata (prins), 6, 1719, 9595,

265, 540, 547, 548, 3561.
   (wed), 196, 206.

Kali Anjar. 21.
 Sapoe, 20, 60.
 Woengoe, 19, 21, 115, 248, 574.

Kambodia, 58, 148, 247, 540.

Kanara, 55, 110, 120, 217, 500, 505.

Kandang-Auer, 60.

Digitized by GO   gle

Kandate (Kendal), 210.
Kanton, 17, 352, 55, 45, 52. 58, 80, 122,
150, 151, 155, 154, 515, 339.
Karang-Anjar, 208, 283, 373.
Karangenan, 159.
Karr (J.), 150.
Karti Sedana, 15, 16, 222,
.   Taroena, 68.
Kat (S), 185.
Kata, 169,
Katauen, 147, 181.
Kati Moela, 201.
Kaudewar, 207.
Kdah, 75, 278.
Keerdekoe (S.), 195.
Kelcek (D.), 9, 122.
Kendal, 248, 319, 520.
Kepper (J.), 75, 250.
Ketelaer, 155.
Keulen (J. van), 193.
Keyser (L. de), 122, 194.

ds

Original from

UNIVERSITY OF WISCONSIN

