REGISTER VAN PERSONEN- EN PLAATS-NAMEN.

Celebes, 588.

Ceram, 47, 54, 292, 295 297,
502, 503, 569, 570, 572, 389,
455.

Ceram-laut, 16, 54, 296, 572, 446.
 (groot), 16.

Cerammers, 14.

Cesio (D.), 225.

Ceysanbat, 125.

Champher (nachoda), 203, 205, 207.

Chappa, 295.
Chatim Maleyo, 417.
Chauel, 61.
Cheribon, 10,
65, 67, 68, 71, 86, 102, 106, 110,
121, 125, 124, 160, 182, 205,
211, 214, 221, 253, 241, 245, 246,
256, 270, 276, 278, 279, 504, 506,

554, 558, 34l545, 545, 547-549,

552, 554556, 560, 561, 567,
575, 584 3589, 596, 598, 401,
418, 422, 427, 440. 441, 444, 445,
449, 450, 457, 467, 475478.

Chiaka (riv.), 226.

Chiapman, 315.

Chibaon, 95.

Childerhuysen (J.), 173, 200, 228.

Chili (Intjeh), 224,

China, 74, 85, 112, 115, 117119,
158, 159, 175, 246, 264, 267,
515, 529, 544, 546, 550.

Chinana, 88-92, 184186, 212,
417, 419421, 458.

Chincheu, 75.

Chindi, 316.

Chinezen, 6264, 7575, 115,
116119, 124, 129, 1350, 147,
154, 155, 158, 159, 175, 176, 181,
195, 205, 215, 229, 239, 242,
247, 248, 255, 259, 265, 266,
269, 275, 279, 281, 287, 297,
504, 531, 554, 538, 359, 541,
544, 546, 3552, 556,

Google

15, 54, 44, 45, 5557,

562, 565, 375,

489

5715, 584, 585, 587, 389, 592594,
402, 418, 422, 440, 441, 444, 445,
460, 467, 476.

Chittimaley, 210.

Chodia (nachoda), 305.

Christiaanshaven, 270.

Christus, 156.

Ciel (hoek van), 292.

Cierrewetoer, 185.

Clady (anachoda), 14.

Clocek (T.), 171, 174.

Cloet (N.), 504.

Cochin-china, 73, 121, 129, 364.

Cock (D.), 10, 404.

Coeqmi (P.), 169.

Goeekebacker (N.), 210, 250, 251, 24.

Coenraets (A), 446.

Coetche, 156.

Coggens (A),

299,
446,

120,
210,
248,
523,
187, 218, 590, 420, 421.

574,  Golomeninde, 99, 100, 355.
405, j Colombo, 93, 99, 101, 102, 189, 220, 455,
447,    256240, 556, 591, 597, 599, 407,

409411, 415417,444,469,481,482,
Colpetry, 93.
Colster (P.), 227.
Compostel (J.), 3, 36, 46, 59, 60, 65,
197, 205, 206, 209, 210. 322, 425.
Connorechitti, 88, 89, 91, 184.
Connoye, 297.
Coolman, 152.
Cooper (J.), 4, 59, 58, 121, 161, 162,
197, 199, 222, 465.
Coquero (don S.), 117.
Coqun (P.), 212.
Corles, 258, 239.
Cornelisz (A.), 227.
    (C.), 318.
 (R.), 529.
Cortado (S.), 142.
Coster (W.J.), 18, 67, 88, 92, 95, 256, 257,
554, 555, 599, 409, 410, 415, 442, 445.
Couchitchia, 197.
Courten (Mr), 5.

154,
276,

522,

114,
148,
185,

245,
268,
501,
545,
