XXXIV

1218, 1231, 1237, 1272, 1279, 1289.
1319, 1338, 1339, 1361, 1459, 1473.

Krawangsche bovenlanden, 1 11, 19,

116, 445, 781.

II 828, 878, 892, 916, 953, 1025,

1068, 1108, 1111, 1122, 1170, 1458.

Kreijsman (W.L), zie Krijgsman.
Kreuger (Hans), I 211, 608.

II 1307.
Krijgsman (W.L), 1 18.
Kroebesi, 1 585.
Krudop (H.), 1 70.

HI 1154, 1232.

800, 809.
II 826, 828, 847, 848, 849, 878, 883,
891, 915, 916, 926, 953, 973, 998,
1001, 1003, 1020, 1077, 1086, 1118,
1122, 1125, 1138, 1139, 1164, 1181,
1209, 1214, 1218, 1237, 1296, 1308,
1319, 1332, 1333, 1358, 1359, 1365,
1366, 1444, 1457, 1459, 1460, 1465.
Kuijk van Mierop (C.), IT 1361.
Kuijlenburg (bastion), 1 157, 462, 463.
Kuiper (Eiland de), II 895.
Kwak Hay Ko, 1 670.
Kwoloe, 1 78.

Kuffelaar (W.), 1 11, 17, 32, 63, 117,
120, 151, 183, 265, 437, 445, 497,
515, 518, 559, 564, 588, 626, 628,
635, 672, 682, 731, 753, 769, 784,

Kust (van Cormandel), 1 67, 470, 537,
593, 599, 660, 669, 703, 704.
II 1001, 1025, 1026, 1128, 1223,
1399, 1402, 1406, 1407.

L.

Laala ( Laha, Amahai, Ceram),  Lampidja, Il 1381, 1383, 1460.

IT 1155.
Laboeha, IT 1200.
Ladra Mangala (Kiai Aria), 1 777,
178.
Lagoendi, II 1293.
Laijo ( Loa), II 839.
Lajabigoe Lipoe, 1 78.
 Lakus (Pr.), II 882, 914.
Lamahala, 1 260, 261.
II 1184 1187, 1207.
Lamakera, 1 259, 260, 265.
II 1185 1187, 1189, 1190, 1207.
Lambang, 1 139.
Lambegi (Krang), 1 56, 241.
Lambert di Rieflet, 1 380, 383, 386.
II 1438.
Lambertse (S.), II 972.
Lambus, II 1051.
Lamma Weli (Sultan), 1 365.
Lamoita, II 1325, 1327.
Lamotius (J. 1.), 1 645.
1 1071.
Lampasing, II 1049.

Digitized by Google

Lampong, 1 21, 114, 137, 391, 460,

513, 532, 563, 701, 717, 725, 745,
752, 764, 768, 771, 718, 808, 812,
813.
II 823, 824, 830, 864, 867, 889, 925,
928, 934, 935, 943, 956, 957, 958,
959, 976, 977, 997, 1031, 1032, 1037,
1038, 1040, 1042, 1045 - 1052,
1053, 1057, 1058, 1060, 1062, 1064,
1080, 1133, 1134, 1141, 1149, 1150,
1168, 1228, 1229, 1231, 1241, 1248,
1250, 1251, 1263, 1264, 1293, 1204,
1318, 1320, 1328, 1338, 1349, 1350,
1370 1374, 1378, 1380, 1381,
1386, 1421, 1472.

Lampong Minanga, 1 779.

II 1045.
Lampong Niboeng (,Inbong’), Il
1046, 1251.
Lampong Pabean, II 1045, 1054.
Lampong Panet, 1 778.
IT 824, 1040, 1046.
Lampong Pasisir ( Batoe Andak),

Original from
PENN STATE
