Digitized by Google

XXVIII

670, 795.
II 912, 913.

Jacobse (H.), Il 876, 915.

Jacobse (Helena), II 990.

Jacobse (M.), I 10.

Jacobsz (F.), 1 43.

Jadan Taka, 1 628.

Jafnapatnam, 1 185.

IT 1326, 1398.

Jager (C. de), 1 754.

Jager (H. de), 1 69, 119, 219, 512,
518, 520, 521, 530, 557, 574, 761.
IT 941, 959, 1033, 1045, 1219, 1255,
1292.

Jagerseiland, 1 574.

Jahang Lappa (Aria), 1 653.

Jamaica, Il 1356.

Jammattasamma, II 1343.

Jangconghon, Jangcowan, Canjongan

 Tjangkoeang (Z. W. punt v. Java),
1 778, 812.

II 928, 929, 1074.

Jang Dipertoewan, 1 430, 432 434,
490, 491, 493, 495.

Jangtiong, II 1204.

Janitala, 1 406.

Jannekema’’, Il 1395, 1402.

Janse (A.), I 407.

Janse (P. - de Boer), Il 858.

Jansen (C.), 1 617.

II 1381, 1384.

Jansen (G.) van Dort, Il 972.

Jansen (G.) van Nimwegen, II 1002.

Jansen (H.), Il 876, 877, 915, 916.

Jansen (1.), IT 1382, 1384.

Jansen (Jacob), 1 10, 506, 809.

II 1239, 1470 .

Jansen (Jan de Groot), II 990.

Jansen (Job), Il 831.

Jansen (P.) - van Olm, II 972.

Jansen Wolf (M.), 1 681.

Jansz (G.), Il 112.

Janvaar (J. J.), 1 58.

Japan, 1 2, 10, 11, 37, 48, 52, 62, 66,
70, 143, 186, 190, 439, 453, 496,
516, 520, 588, 589, 590, 591, 597,
602, 626, 635, 638, 678, 729, 780,
782, 790, 795, 799 801.

II 1333, 1342, 1344.

Japara, 1 10, 19, 35, 71, 109, 141, 142,

217, 244, 292, 422, 423, 470, 471,
413, 518, 527, 561, 562, 563, 571,
587, 609, 613, 663, 678, 680, 754,
793, 811, 813.
IT 850, 889, 918, 928, 929, 1018,
1064, 1073, 1074, 1157, 1161, 1163,
1167, 1168, 1191, 1192, 1196, 1204,
1213, 1217, 1273, 1274, 1282, 1309,
1310, 1333, 1338, 1339, 1354, 1361,
1472, 1473.

Japoe (Kap. Laut), 1 342.

Japon (J.), 1 56, 241.

Java, 1 124, 139, 170, 203, 206, 232,
235, 237, 260, 261, 264, 265, 364,
369, 433, 471, 478, 479, 577, 584.
IT 905, 929, 983, 1011, 1038, 1129,
1473.

Javaansche Ketting (Bantam), 1 273.

Javanen, 1 13, 14, 15, 19, 24, 25, 26,
31, 32, 36, 59, 63, 72, 112, 116,
140, 150, 166, 168, 173, 177, 178,
209, 210, 211, 235, 236, 237, 265,
268, 293, 303, 306, 307, 308, 375,
268, 272, 278, 280, 286, 293,
303, 306, 307, 308, 375, 376,
377, 387, 388, 393, 398, 408,
410, 414, 416, 419, 420, 421, 424,
433, 435, 437, 445, 447, 449, 452,
453, 454, 455, 458, 467, 470, 472,
497, 500, 504, 509, 510, 515, 517,
518, 519, 523, 533, 534, 536, 548,
551, 554, 555, 556, 558, 559, 561,
562, 565, 568, 569, 574, 584, 614,
619, 623, 628, 632, 640, 641, 642,
644, 653, 654, 655, 656, 657, 658,
675, 681, 682, 685, 688, 689, 6953,

Original from

ed ne
