Digitized by Google

XX

Elmas (Kodja), II 1223.

Elmers (P.), Il 1232.

Eloer ( Raya Elluru, t.w. Vellore),
II 1394, 1401.

Emanuel (Pater), II 978.

Emhoen Werdibeecq"' II 1325.

Ende, II 1186.

Engeland, 1 52, 114, 147, 309, 381,
397, 428, 466, 627, 629, 630, 632,
637, 643, 648, 649, 664, 669, 713,
763, 780, 783, 802.

II 836, 847, 899, 904, 923, 950,
951, 1011, 1106, 1114, 1124, 1168,
1171, 1183, 1221, 1303, 1304, 1369,
1390, 1391, 1404, 1415, 1427, 1430.

Engels (B.), 1 113, 742.

Engelschen, 1 22, 42, 48, 51, 138, 147,
152, 182, 184, 185, 286, 288, 346,
393, 397, 413, 416, 426, 428, 438,
450, 451, 456, 465, 468, 469, 474,
502, 507, 521 540, 550, 553, 583,
616, 617, 635, 648, 649, 651, 654,
656, 657, 671, 682, 689, 690, 713,
720, 726, 728 730, 733, 747, 749,
152, 758, 759, 763 765, 768, 770,
771, 780, 781, 786 788, 795,
797, 808.

II 824, 827, 828, 833, 834, 864, 898,
006, 914, 918, 923, 946, 960, 980,
086, 1000, 1001, 1009, 1011, 1030,
1033, 1042, 1064, 1072, 1082, 1086,
1090, 1096, 1097, 1102, 1103, 1106,

Faa (A.), 1 38, 381, 399, 589, 688.
IT 1103.
Fabritius (Ds. J.), 1 633.
Fabritius (Judith), II 1147.
Fabyius (W. van Leerdam), II 837.
Fackoe Wewe’, II 1156.
Fadzey, 1 709.
Fafungo, Il 845.
Fagoedoe, I 709.

1113, 1117, 1127, 1131, 1144, 1145,
1160, 1165, 1170, 1171, 1182,
1209 - 1213, 1221, 1233, 1234,
1242, 1243, 1258, 1262, 1275, 1304,
1305, 1320, 1345, 1348, 1369, 1378,
1386, 1389 1391, 1396 1398,
1401, 1414, 1416 1419, 1422
 1441, 1463, 1467.
Engelsch Onrust (eiland), 1 533, 777,
809.
II 895.
Enkhuizen, 1 49, 633, 634, 751.
II 1447.
Enkhuizen (bastion), 1 160, 462.
Enrekang (- Anrekan), Il 1014.
Europa, 1 24, 48, 186, 190, 630, 637,
638.
II 828, 951, 979, 1006 1008,
1010, 1124, 1131, 1168, 1321, 1396.
Europeaan, I 14, 15, 197, 202, 268,
274, 319, 378, 379, 450, 467, 468,
471, 517, 552, 576, 586, 628, 770,
785, 795.
II 871, 918, 963, 968, 993, 904,
1007, 1011, 1017, 1032, 1231, 1305,
1330, 1350, 1371, 1406, 1417, 1465.
Evans (W.), II 1210.
Everdingen (G. van), 1 34, 525, 714,
715.
Il 1081, 1082, 1137, 1233.
Evert (Schipper), 1 742.

Fairhill, 1 284, 442.
Falal (Ratoe Bagoes)
noekan (Toean).
Faria (M. de), 1 541.
Fattakoy, I 709.
Fattamatta, 1 709.
Fauconier (J.), IT 1141.
Feijt (N.), IT 217, 507, 509, 586, 605,
684, 686.

zie Pama-

Original from

PENN STATE
