VI

Bandi (Mr.), II 1429.

Banding, II 1050.

Bandoeng, 1 5 7, 25, 32, 265, 497,
518, 628.

II 883, 1332.

Bandongang, 1 652, 722, 755, 757.
IT 970, 1041.

Bandurchan, 1 748.

Bandzill (van Jav. bandjel helper,
plaatsvervanger), 1 725.

IT 1420.

Bangarij ( Bangri), 1 45, 46, 590,
506.

Banggai, 1 109, 326, 327, 342.
II 1201.

Banggai’'ers, 1 338.

Bangsa Bangala, Il 1359.

Bangsaboewa (Raden), II 1150.

Banjar, II 1310, 1338, 1339,
1473.

Banjermasin, 1 40, 41, 42, 110, 111,
137, 138, 173, 174, 305, 439, 811.
II 927, 929, 1015, 1074, 1075, 1085,
1129, 1130, 1278, 1279.

Banjoemas, 1 12, 184.

II 1162.

Banka, 1 35, 36, 169, 170, 180, 206,
214, 461, 482, 483, 488, 505.

IT 921, 1176, 1177, 1286, 1317.
Banka Kota (rivier), IT 169, 482.
Bankaneezen, 1 483, 777.

Bankla (Krang), 1 332.

Banqwa, 1 509, 511.

Bantam, I 16, 19, 21 24, 27, 31, 32,
36, 39, 40, 57, 58, 114, 137, 138,
143 150, 152, 157, 168, 169, 171,
172, 173, 178, 180, 181, 182, 203,
207 226, 229 237, 241, 242,
248, 249, 267, 270 273, 275, 276,
277, 279 286, 288 292, 297,
303, 305, 307, 308, 309, 368, 375,
377, 381, 382, 383, 385, 386, 389,
394, 396, 398, 399, 408 411, 414,

1472,

Digitized by Google

416, 421, 425, 420, 434, 439, 441,
444, 445, 447, 448, 450 454, 456,
457, 461, 462, 464 - 466, 468,
474 477, 483, 488, 491 493,
497 - 499, 500, 501, 502, 504, 506,
507, 508, 509, 511 - 516, 518,
520 522, 524, 526, 530, 531,
534 539, 541 - 543, 546, 547,
549 553, 555, 556, 557, 559, 562,
563, 566 568, 570 572, 574,
576, 517, 578, 579, 580, 581, 582,
583, 584, 586, 588, 594, 509, 600,
602, 604, 605, 606, 611, 613, 614,
616, 617, 621, 626, 627, 629, 630,
631, 643, 648, 649, 656, 657, 659 -
662, 664, 671, 672, 673, 674, 675,
676, 682 - 686, 688, 689, 691 -
697, 700, 701, 702, 713, 716, 720,
724, 725, 728, 733, 734, 738, 739,
742, 743, 744, 746, 747, 749, 752,
753, 755, 758, 759, 760, 761, 762,
764, 765, 768, 770 - 775, 717, 718,
780, 786, 787, 788, 789, 790, 791,
792, 795, 796, 797, 798, 807 809,
812.

II 817, 818, 819, 820, 822, 823, 825,
827, 830, 832, 833, 835, 836, 840,
861, 862, 863, 865, 866, 867, 868,
869, 870, 871, 874, 880, 886, 887,
889, 897, 898, 899, 900, 901, 901,
902, 903, 904, 905, 907, 910, 911,
917, 920, 922, 923, 925, 934, 935,
936, 937, 938, 940, 941, 942, 944,
945, 947, 948, 949, 951, 955, 956,
957, 958, 959, 960, 988, 992 997,
999, 1005 1008, 1011, 1013,
1016, 1019, 1024, 1025, 1027, 1029,
1031, 1032, 1034, 1036 - 1039,
1045, 1053, 1055, 1056, 1057, 1058,
1061, 1063, 1064, 1065, 1068, 1072,
1079, 1080, 1081, 1082, 1097
1099, 1103, 1105, 1106, 1111, 1114,
1116, 1121, 1122, 1131, 1133 -

Original from

PENN STATE
