LXX

210, 214 216, 222 224,
230, 231, 234, 235, 236, 273,
276, 280, 281, 282, 286, 382,
386, 389, 391, 392, 393, 395,
397, 411, 413, 451, 452, 458,
462, 469, 470, 498, 499, 508,
511, 512, 513, 514, 515, 519,
533, 535, 546, 547, 577, 614,
624, 625, 626, 639, 640, 670,
675, 676, 684, 685, 689, 697,
717, 718, 719, 720, 725, 733,
736, 737, 739, 740, 748, 759,
178, 786, 787, 788, 789.
II 818, 820, 823, 824, 836, 860, 862,
863, 864, 865, 866, 874, 896, 900,
005, 906, 914, 915, 916, 917, 918,
O19, 921, 922, 924, 925, 944, 045,
046, 969, 996, 999, 1002, 1005,
1007, 1009, 1030, 1034 1036,
1040, 1041 1043, 1049, 1052,
1053, 1062, 1064, 1085, 1118, 1119,
1121, 1165 1171, 1202, 1203,
1213, 1219, 1230, 1231, 1241
1249, 1252 1257, 1259 1264,
1267, 1272, 1284, 1285, 1301, 1305,
1306, 1315 - 1318, 1332, 1333,
1335, 1337, 1347 1349, 1360,
1367, 1371, 1374, 1377 1380,
1420 1442, 1430, 1437, 1439,
1445, 1446, 1457, 1458, 1465, 1466,
1467, 1471.

Tirtalaja, IT 498, 546, 625, 684, 718,
720, 735.
IT 866, 1031,
1377, 1459.

Tirtanagara, II 1139.

Tiwoelviloe, 1 78.

Tjakradana ( Marta Nata), 1 214,
697, 759.
IT 823, 918, 919, 925, 996, 1165,
1168, 1169, 1180, 1202, 1203, 1315,
1318.

Tjakradita, II 1139.

227.
275,
383,
396,
459,
509,
532,
615,
674,
702,
734,
768,

1243, 1260, 1350,

Digitized by Google

Tjakradjaja (lt.), II 1243, 1272, 1383,
1460, 1461.

Tjakra Joeda, I 178, 510, 674, 676,
122, 744, 779, 786.

II 1348.

Tjakra Ningrat (Pangeran Adipati),
1 216.

II 1018, 1218.

Tjakra Wangsa Koesoema, 1 224, 499.

Tjamara, II 1078, 1263.

Tjampa, II 1463.

Tjandra, II 1161.

Tjandra Sana, 1 778.

II 1045.

Tjandra Wangsa, 1 778.

Tjangkoeang, zie Janconghon enz.

Tjanti, IL 1050.

Tjaringin, 1 422, 577, 605, 613, 615,

619, 625, 684, 685, 686, 718, 719,
724, 736, 763, 764, 768, 778, 788,
808.
II 825, 830, 848, 863, 865, 888, 943,
944, 945, 955, 956, 957, 992, 1031,
1032, 1063, 1064, 1080, 1085, 1122,
1174, 1211, 1228, 1235, 1243, 1249,
1260, 1263, 1292, 1304, 1320, 1371,
1376 1379, 1385.

Tjarita, 1 205, 625, 724, 778.

Tjelika, II 1053, 1054.

Tjia(n)kon (Tjenkong), IT 1112.

Tjianten ( Intje Janton,  Siancon),
II 1068, 1112.

Tjiapoes, Il 1367.

Tjiasem, 1 32, 61, 63, 64, 115, 117,
118, 292, 422, 423, 437, 528, 606,
638, 670, 679, 680, 812, 813.

II 849, 973, 998, 1077, 1125, 1126,
1138, 1140, 1237, 1238, 1288, 1358,
1359.

Tjiawang ( Intje Anwang), Il 1112.

Tjibabi, 1 748, 755.

Tjibajawak, Il 1139.

Tjibatoer, 1 435.

Original from

PENN STATE

