Nd

Cmr st

ke

Ed

Straat Soenda, I 2, 15, 16, 17, 18, 33,

225, 516, 534, 577, 578, 580, 630,
684, 696, 749, 766, 777, 783, 790,
798, 802.
IL 819, 829, 848, 908, 934, 955, 986,
989, 990, 992, 998, 1010, 1011,
1065, 1072, 1080, 1085, 1153, 1164,
1168, 1179, 1209, 1211, 1218, 1231,
1320, 1427.

de Streek, 1 728.

Streynsham Master, Il 1411.

Strijkersbergh(en) (A.), 1 496, 796.

Struys (A.), 1 34, 714, 754.

II 976, 1081, 1082.

Struys (J.), 1 3, 217, 228, 279, 384,
385, 386, 410, 455, 542, 544, 550,
655.

IL 1034, 1381, 1448, 1452 1455.

Struijts (Jb.), van Middelburg, Il 978,
1178.

Suali, 1 580, 648.

Sumatra, 1 532, 725, 743, 777.

Il 888, 905, 944, 956, 1038, 1229,
1348, 1421.

Sumatra’s Westkust, 1 37, 76, 113,
132, 332, 399, 403, 408, 417, 421,
436, 446, 507, 529, 560, 561, 562,
563, 649, 651, 742, 802, 805, 808.

Taats (W.), II 923.
Tabbart (C.), II 1444.
Taboekan (op Groot Sangi), 1 86.

T.

Tack (F.), 1 4, 33, 34, 70, 114, 116,

135, 144, 240, 254, 259, 368, 409,
410, 418, 421, 425, 426, 442, 444,
447, 450, 454, 457, 458, 459, 460,
461, 468, 480, 481, 485, 486, 497,
514, 517, 518, 520, 521, 530, 532,
536, 542, 543, 546, 549, 550, 551,
552, 553, 556, 557, 572, 576, 581,
584, 586, 602, 604, 605, 613, 621,
622, 655, 659, 661, 671, 676, 677,

Digitized by Google

LXV

II 842, 874, 885, 976, 1019, 1020,
1021, 1023, 1027, 1038, 1056, 1065,
1067, 1091, 1114, 1116, 1133, 1141,
1142, 1175, 1180, 1320.

Surcam, 1 133.

Suringh (M. H.), 1 3.

oursewan’’ ( Seuseupan), II 1139.

Suwagi, zie Siwagi (Shivaji).

Suyck (A.), 1 420, 444.

Swaan (P.), Il 1295.

Swart (C.), Il 1232.

Swart (J.), 1 579.

Sweers (J.), II 1020.

Sweeting (Ch.), 1 380, 382, 386, 464,

465, 466, 474, 496, 500, 501, 502,
522, 567, 603, 604, 643, 663, 671,
672, 700, 701, 702, 721, 725, 726,
732, 763, 791, 792, 796.
II 836, 893, 898, 899, 900, 902, 904,
910, 933, 936, 949, 985, 1000, 1003,
1004, 1013, 1089, 1090, 1102, 1103,
1105, 1124, 1132, 1171, 1173, 1182,
1183, 1211, 1303, 1304, 1419, 1423,
1438 1440.

Swenne (E. van), 1 185.

II 890.

och(w)on’ (Mr.), Il 1429, 1423,

1440.

682, 683, 684, 686, 687, 691, 692,
694, 701, 714, 715, 716, 718, 720,
751, 761, 769, 770, 772, 775.
II 840, 861, 880, 897, 903, 932, 934,
937, 942, 944, 949, 954, 961, 972,
1007, 1013, 1081, 1082, 1360, 1368,
1369, 1380 1382, 1386, 1387,
1417, 1423, 1426, 1427, 1440, 1447
 1449, 1455, 1456, 1459, 1461,
1465, 1466, 1471.

Tackman (Koetoet) zie Pakisan.

Tadjagati, Il 1041.

Taffa Sahoe (Kima.)  Tafasho,

Original from
PENN STATE
