1136, 1149, 1152, 1161, 1164, 1166,
1167, 1172, 1173, 1180, 1184, 1202,
1203, 1213, 1219, 1220, 1228, 1230,
1236, 1237, 1241, 1243, 1244, 1247,
1249, 1253, 1257, 1263, 1264, 1268,
1269, 1271, 1277, 1278, 1281, 1286,
1292, 1293, 1298, 1299, 1301, 1305,
1306, 1309, 1315, 1316, 1317, 1320,
1322, 1328, 1348, 1349 1353,
1363, 1368 - 1373, 1374, 1377,
1378, 1380 - 1383, 1385, 1387,
1396, 1416 1441, 1447, 1448,
1449, 1452, 1454 - 1456, 1460,
1461, 1466, 1467, 1471.

Bantammer(s), 1 19, 148, 169, 272,
307, 376, 445, 497, 505, 524, 628,
685, 786.

II 824, 858, 886, 893, 914, 919, 997,
1017, 1104, 1140, 1217, 1284, 1299,
1301, 1332.

Bantardjati, 1 32, 63, 183.

Bantar Gabang, IT 1025, 1028, 1110,
HI.

Bantar Kemang ( Comangh
Cambangh), II 1025, 1028, 1110,
11.

Banten Girang, 1 137, 546.

Baoeraksa (Tmg), II 1017.

Barambang ( Bajonbong), II 863,
1031, 1034, 1255, 1385.

Barbosa (L.), I 248.

Barent (Radja), II 1188.

Barents (Ma.), II 912.

Barentse Sombeeck (J.), 1 633, 635.

Barnoesa (op Pantar, ,Bermoussa’’),
II 1207.

Baroda, II 1178.

Baron (S.), II 152, 580, 648.

Baros, 1 110, 133, 434, 494, 561.

IT 1022.

Barressi ( Beseri, Groot Tawali)

(Prins), 1 331.
Bart (J. van), II 849.

Digitized by Google

VII

Bartelse zie Marchier.

Barut (), II 863.

Barwel (E.), 1 382, 383, 465, 469, 476,

500 502, 522, 540, 603, 604, 627,
702, 765, 766, 796, 797.
II 817, 829, 834, 836, 837, 870, 871,
897, 899, 901, 910, 911, 949, 952,
953, 985, 986, 1013, 1072, 1132,
1233, 1234, 1365, 1370, 1437
1440.

Baselio de Cremona, Il 1103.

Basiliers (). de), II 1067.

Bassalore ( Basrur), II 1143, 1147.

Bastiaans (N. A.), II 987.

Bastiaanse (C.), 1 741.

Bastinck (J.), 1 507.

Bastinck (W.), 1 34, 44, 70, 120, 142.
IT 1197, 1199, 1201.

Batang, 1 111, 422, 423, 527, 528, 678,
679, 812, 813.

IT 928, 1217.

Batavia, 1 6, 7, 8, 9, 21, 22, 23, 24, 26,
28, 29, 31, 32, 35, 40, 41, 42, 50,
52, 53, 57, 59, 60, 62, 66, 67, 104,
106 109, 115, 116, 118, 120, 121,
124, 126, 131, 137, 138, 140, 145,
146, 148 151, 154, 164, 166, 170,
173, 175, 176, 178, 186, 190, 191,
203, 208, 210, 214, 215, 219, 220,
230, 232, 235, 239, 240, 244, 245,
249, 252, 254, 256, 259, 261, 265,
266, 271, 274, 279, 282, 284, 286,
311, 314, 315, 321, 340, 346, 368,
369, 371, 373, 374, 377, 380, 382,
383, 386, 387, 389, 393, 395, 398,
414, 430 432, 434, 440, 457, 459,
461, 462, 465, 471, 474, 475, 478
480, 483 486, 489, 492, 493, 495,
496, 502, 512 514, 519, 529, 533,
536 538, 545, 546, 547, 549, 552,
553, 557, 563, 568, 571, 573, 576,
578, 579, 584, 585, 588, 596, 599,
601, 604, 612, 613, 616, 621, 623,

Original from
PENN STATE
