XXXVII

Madong, II 1041.

Madras, 1 52, 272, 284, 540, 544, 637,

669, 721, 763, 766.

II 896, 907, 936, 1166, 1396, 1397,

1399, 1403 1413, 1415.
Madura (Voor Indi), 1 75, 76, 704.
IT 1145, 1146, 1400.
Maduree-er, II 1146.
Madzjod’ (Ratoe Bag.), II 1270.
Maesnaeck (Ma.), 1 183.
Magat (Padoeka), 1 400.
Magelage (
II 1071.
Maget Maria (), 1 806.
Magga ( Mara), I 291.
Mahamed Salehman, Il 1386.
Mahmet Amynchan, I 645, 647.
Mahmed Ibrahim, II 1394, 1402.
Mahmed Shah, 1 805, 806.
Maijutta (), II 956.
Maja, II 1161.
Majimba zie Mangimba.

Majoeda, 1 106, 298, 299, 300, 312,

314, 326, 374.
II 1029, 1100,
1171, 1235.

1101, 1107,

Makassar, 1 2, 21, 30, 53, 54, 55, 56.

66, 70, 71, 106, 111, 114, 116, 117,
134, 135, 136,
174, 180, 181,
239, 240, 241,
333, 365, 368,
369 409, 425, 426, 441, 457, 532,

118, 119, 120, 133,
139, 141, 143, 144,
182, 204, 212, 225,
242, 250, 261, 317,

578, 742, 776, 793.

IT 824, 838, 839, 840, 841, 842, 843,
844, 849, 877, 881, 934, 935, 1013,
1196,
1307,
1338,

1014, 1073, 1112, 1154, 1159,
1206, 1225, 1227, 1273, 1274,
1318, 1329, 1331, 1333, 1334,
1339, 1449, 1456, 1473, 1474.

Makassaren, 1 13, 14, 22, 23, 35, 36,
55, 58, 109, 112, 138, 169, 170, 180,
266, 267, 268,

215, 235, 236, 261,

Digitized by Google

Mahadjambe baai).

1108,

272, 277, 278, 281, 293, 296, 376,
399, 400, 401, 403, 406, 407, 415,
416, 418 420, 424, 435, 443, 445,
446, 467, 470 472, 482, 491, 497,
500, 508, 510, 517, -518, 523, 547,
562, 563, 564, 586, 601, 604, 606,
607, 614, 625, 642, 652, 653, 683,
690, 691, 722, 723, 731, 736, 740,
742, 744, 745, 748, 757, 766, 777,
784, 786, 794, 800, 814.

IT 825, 847, 863, 865 867 870,
876, 880, 884, 917, 926, 964, 968,
969, 972, 988 901, 999, 1015,
1017, 1018, 1030, 1036, 1064, 1084,
1110, 1159, 1168, 1169, 1177, 1186,
1191, 1196, 1213, 1214, 1217, 1220,
1231, 1237, 1238, 1241, 1256, 1260,
1287 1289, 1302, 1305, 1316,
1337, 1340, 1344, 1346, 1347, 1350,
1364, 1371, 1376 1378, 1382,
1384, 1457, 1465, 1466.

Makjan, 1 314, 321, 325, 342,
351, 352, 370.

IH 1154, 1201.

Makjan'ners, 1 318, 319, 320, 343, 352,
353, 370, 371, 373.

II 845, 1197.

Makjng ( Macquin), 1 143.

Makmo Bingosamma, II 1343.

Malabar, 1 67, 73, 75, 185, 427, 579,
5093, 509, 645, 649, 650.

IL 979, 1001, 1057, 1141,

1152, 1281, 1329, 1399.
Maladiven, 1 186.

IH 1143, 1152.

Malakka, 1 2, 23, 39, 60, 66, 67, 68, 69,
71, 110, 207, 213, 271, 302, 306,
422, 433, 439, 482, 488, 492, 404,
496, 506, 527, 528, 579, 580, 590,
665, 678, 680, 697, 743, 744, 811,
813, 815.

II 888, 889, 890, 911, 919, 924, 929,
030, 935, 936, 1067, 1073, 1074,

348,

1145,

Original from
PENN STATE
