696, 722, 723, 724, 731, 734, 735,
740, 748, 149, 755, 757, 770, 777,
178, 787, 794, 796, 800, 814.
II 819, 822, 825, 847, 849, 858, 859,
867, 869, 871, 873, 876 878, 881
 883, 891, 893, 894, 896, 914
917, 922, 927, 937, 942, 953, 954,
955, 964, 965, 967, 969, 972, 973,
998, 999, 1002, 1003, 1005, 1009,
1015, 1016, 1020, 1028, 1030, 1031,
1036, 1045, 1052 - 1056, 1059,
1060, 1067, 1077, 1078, 1086, 1087,
1089, 1091, 1110, 1111, 1118, 1122,
1124, 1138, 1140, 1153, 1159, 1165,
1169, 1170, 1181, 1204, 1209, 1211,
1213, 1216, 1231, 1237, 1241, 1260,
1262, 1277, 1296, 1302, 1304, 1307,
1308, 1311, 1316, 1318, 1332,
1333, 1337, 1340, 1345, 1351, 1360,
1364 1367, 1378, 1379, 1417,
1419, 1432, 1433, 1439, 1445, 1457
 1460, 1465, 1473.
Java’s Oostkust, 1 3, 31, 36, 58, 111,
139, 168, 170, 205, 292, 311, 368,
381, 423, 424, 465, 473, 483, 528,
561, 584, 585, 679, 680, 782, 813.
II 823, 824, 864, 867, 877, 929, 995,
1015, 1030, 1074, 1126, 1158, 1263,
1274, 1282, 1309, 1335, 1336, 1339,
1340, 1361, 1374, 1473, 1474.
Jean zie Saint Jean.
Jearsey (W.), II 1409 1411, 1413,
1414.
Jeddo, II 1343.
Jelly Boegies (Radja), II 1112.
Jenner (Sadaha), 1 358.
Jentieven, 1 23, 441, 624, 632, 691,
692.
II 836, 894.
Jerenang (), II 929.
jerenika (Krang), II 1335.
Joan Francisco de Lyonesse, II 1103.
Jochumse (J.), II 1132.

Digitized by Google

XXIX

Joeda Mangala, I 116, 140, 639, 673,

744, 745, 799.
IT 1348, 1360.

Joeda Nagara (Bantammer), 1 684,

686, 718, 736, 778.
IT 944.

Joeda Nagara (gouverneur v. Soeme-

nep), Il 822, 938, 939, 1218.

Joeda Ningrat ( Koesoema Dilaga),

1 223, 377, 380, 389, 392, 393, 395,
396, 397, 410, 414, 454, 613, 620,
654, 657, 685, 686, 718, 771.

II 864, 866, 869, 1039, 1055, 1244,
1270, 1271, 1376, 1379, 1450, 1466.

Joedantaka (Sgt), II 1077, 1078,

1122, 1126, 1140, 1237, 1458.

foeda Palawan, 1 779.

Joed(r)a Prana (Kiai Ngabehi), 1 297.
Joeda Wangsa (Rga.), IT 1191.
Joedja (Pang.), 1 417, 685.

Joel (Gvr.), II 1397.

Joesoef (Sjeik), 1 208, 229, 236, 499,

547, 615.

II 824, 866, 868, 870, 1170, 1248,
1249, 1254, 1256, 1259, 1263, 1316,
1348, 1377, 1378.

Jomo Selat zie Salat.

Jonasse (E.), 1 71.

Jonge (C. de), 1 441, 442, 525.
Jongejans (J.), II 1046 (noot 6).
Jongh (H. de), I 16, 217.

II 1035, 1381.

Jongsia, IL 1177.
Jonker (Kaptn.) v. Manipa, I 237,

265, 270, 465, 566, 571, 601
604, 684, 686, 687, 719. 789.

II 825, 835, 860, 866, 869, 922, 941,
995, 1031, 1032, 1134, 1135, 1228,
1241, 1244, 1247, 1252, 1253, 1261,
1372, 1381, 1383, 1387, 1447, 1449,
1450 1455, 1465, 1466.

Joppe(n) (J.), Il 843, 844.
d’Jouman Soulat zie Salat.

Original from
PENN STATE
