XIV

Ceauw zie Siaoe.

Cecila zie Cicila (Dang).

Celebes, 1 134, 137, 259, 332.

II 842, 845, 1032.

Cephuan, 1 446.

Ceram, 1 328, 708, 776.
IL 1068, 1154, 1200.

Cera(m) (Prins), I 330, 332, 333,
341, 359, 370.

Ceylon, 1 30, 50, 67, 73, 76 78, 106,

107, 109, 402, 427, 579, 583, 584,
593, 595, 599, 602, 637, 645, 647,
665, 704, 751, 753, 763.
II 874, 923, 974, 995, 1001, 1020,
1066, 1067, 1071, 1140 1142,
1152, 1153, 1221, 1235, 1281, 1282,
1320, 1324, 1327, 1329, 1341, 1360,
1366, 1398.

Channy, 1 343.

Chaestachan ( Shista Khan), 1 51,
184, 185, 186, 427.

II 980, 1388, 1389.

Chanchanna Sepasselaar"
slr), II 1222 1224.

Chasteleyn (Mr.), 1 152.

Chee zie Joesoef (Sjeik).

Cheribon, 1 6, 7, 11, 12, 19, 25, 110,
111, 116, 136, 146, 151, 168, 180,
191, 204, 206, 209, 210, 211, 216,
251, 265, 422, 423, 448, 450, 461,
410, 497, 518, 521, 526, 528, 587,
588, 594, 599, 600, 607, 609, 610,
612, 630, 638, 650, 678, 680, 739,
740, 749, 750, 752, 753, 770, 775,
781, 783, 785, 799, 811, 813.

II 821, 862, 871, 913, 914, 927, 929,
930, 937, 984, 985, 986, 987, 988,
1015, 1018, 1067, 1073, 1075, 1078,
1083, 1104, 1112, 1113, 1119, 1120,
1125, 1130, 1140, 1157, 1158, 1161,
1163, 1167, 1171, 1204, 1216
1218, 1236, 1273 1275, 1290,
1291, 1303, 1307, 1309, 1310, 1314,

(sipah-

Digitized by Google

1319, 1332, 1334, 1337, 1339, 1354,
1361 1363, 1365, 1444, 1458,
1460, 1472, 1473.

Cheribonners, 1 449, 608, 609.

II 1104.

Cheyl (Emn.), 1 649.
II 979.

Chiambre (F. la), 1 208, 210, 445, 688.

Chiampa, 1 678.

Chiasiouza (Prins), 1 427, 635.

II 1388.

Chignee, II 1035, 1036.

China, 1 24, 27, 40, 48, 57, 125, 173,
270, 438, 440, 649, 729, 742, 751,
763, 790.

II 820, 829, 848, 849, 850, 851, 858,
907, 1103, 1333.
Chindrana (Radja), II 839.
Chinees, 1 21, 35 37, 58, 112, 143,
152, 170, 171, 173, 175, 197, 229,
248, 270, 271, 303, 319, 411, 424,
429, 433, 434, 438, 440, 449, 452
454, 457, 459, 463, 467, 470, 494
496, 509, 511, 512, 514, 521, 526,
532, 535, 540, 547, 552, 556, 562,
573, 608, 615, 626, 630, 632, 670,
673, 681, 697, 728, 759, 814.

II 818, 824, 829, 859, 870, 894, 906
916, 917, 918, 919, 920, 924, 925,
926, 930, 958, 999, 1009, 1075,
1158, 1159, 1165, 1168, 1175, 1203,
1210, 1215, 1232, 1276, 1279, 1303,
1310, 1315, 1340, 1371, 1439, 1444,
1469 1472, 1474, 1476.

Chioeko, II 999.

Chirja Mardiradja, II 1225, 1358.

Chittagong (Xettigam), Il 1389.

Chowne (G.), I 465, 498.

Christiaanse (C.), 1 65.

Christiaanse (S.), Il 1369.

Cicila (Dang), 1 31, 58.

II 868.

Citsjare’", II 1243.

Original from
PENN STATE
