XXVI

1238, 1241 1243, 1254,
1297, 1299, 1300, 1350, 1378, 1392,
1393, 1417, 1424, 1431, 1436, 1441,
1449.

Hollandia (bastion), 1 159, 462.

Holscher (A.), II 841, 843, 935, 940,
956 958, 1031, 1150.

Holsteijn (Kap. J. Francen), 1 33, 44,
154, 167, 174, 181, 225, 238, 266,
293, 298, 299, 305, 418, 453, 499,
508, 553, 565, 582, 606, 623, 627,
629, 633, 638, 644, 651, 652, 677,
733, 764, 765, 767, 795, 796, 799.
IT 821 (noot), 860, 877, 890, 891,
897, 932, 940, 1001, 1083, 1136,
1171, 1291, 1302, 1304, 1310, 1313,
1322, 1323, 1329, 1334, 1341, 1431,
1464.

Holthuysen (S.), 1 666, 713.

Holthuysen (W. H. van), 1 439.

Honi (Ternataan), 1 342, 354.

Honimoa, 1 189, 310, 708.

IL 1155.

Hooft (G.), 1 69, 310, 364.

Hoogeboom (P.), 1 172.

Hoop (M.), 1 280.

Hoope (J. de), II 1026, 1323.

Hooren (J. van), 1 577, 578, 579, 580,
582, 583, 729.

Hoorn, 1 49, 634, 681.

IT 923, 1068, 1091, 1447, 1458.

Hoorn (bastion), 1 160.

Hoorn (eiland), II 888.

Hoorn (G. van), 1 34.

Hoorn (J. van), 1 5 - 9, 11, 34, 50,
65, 66, 118, 125, 137, 139, 140, 144,
145, 149, 180 182, 204, 232, 235,
237, 239, 240, 255, 259, 262, 264
266, 298, 299, 309, 311, 329, 345,
369, 372, 373, 418, 436, 466, 477,
418, 479, 484, 497, 498, 514, 522,
565, 566, 567, 570, 571, 584, 506,
601, 612, 613, 643, 698, 796, 800.

Digitized by Google

1262,

ee

Il 827, 835, 838, 852, 855, 858, 860,
876, 880, 887, 912, 932, 947, 975,
984, 1001, 1065, 1085, 1181, 1232,
1239, 1280, 1304, 1311, 1313, 1322,
1331, 1336, 1368, 1469.

Hoorn (P. van), 1 33.

Hoorn (Juffr. van de jonge), I 298.

Hoorn (P. van den), 1 34, 69, 120,
299, 310, 364.

II 1197.
Hoorsman
1 646.

Hoort (C.), zie Poort.

Hopman (A.), 1 38, 47, 593, 599.

Horneij (A.), II 1184, 1190, 1191.

Horst (H. ter), 1 165.

Hosten (A. van), I 754.

Hottentots Holland, Il 1072.

Houtseilanden, II 1060.

Houtthuyn (B.), II 1401.

Hoveneiland, II 1050.

Howard (O.), II 1098, 1099.

Huge (H.), 1 635.

Hull, Il 1132.

Huijgens, 1 703.

Huijpen (L. van), Il 1328.

Huijsman (J.), II 1411.

Huijsman (M.), 1 645.
IH 1141, 1142, 1152,
1399.

Huijsse (J.), II 1113.

Huijsser (J. de), 1 782.

Hurdt (A), 1 31, 34, 41, 60, 71, 154,
218, 298, 309, 463, 526, 565, 566,
584, 671, 698, 727, 739, 799, 800.
II 911, 935, 937, 949, 954, 961, 972,
976, 989, 1001, 1019, 1065, 1100,
1126, 1179, 1232, 1304, 1311, 1313,
1368, 1469.

Hurdt (Juffr.), 1 302.

Hurdt (M.), 1 37, 566, 572, 632, 651.
II 881, 884, 885, 949.

Hyderabad, II 1223.

(Eng. Kptn Horseman),

1221, 1281,

Original from
PENN STATE
