HI

Tn
Fer

Baai van Boengoes, 1 402.

Babakan (Bantam), 1 585, 755, 757.
II 1041, 1321, 1330, 1332, 1334,
1341, 1344, 1345, 1359, 1367, 1445.

Babakandjati, II 1139.

Bapaporboe, II 1149.

Babar, I 776.

Babi, II 1338.

Bacheragsvaart, 1 166.

Back (D. den), I 183.

Backer (H.), Il 860.

Badak ( Patack’), Il 1047, 1251.

Badamoeta, II 1139.

Badland zie Bodland.

Badong (lt), II 1382, 1384.

Badra Soeta, II 1139.

Badurchan (Amarau), I 637.

U 979, 1443.

Baelde (M.), 1 20, 34, 70, 238, 525.
II 1232.

Baerschott (Ph.), 1 32.

Bagalen, 1 9, 11, 12, 32, 183, 184,
610.

Bahin (Maria de van Parijs),
IT 820.

Baikoetoe, 1 343.

Baij Baaij (J.), Il 1381.

Baja ( Paija), 1 216.

Bajang ( Jangbaai), 1 132, 133, 400
 402, 405, 406, 560, 803, 804.

II 1021, 1022.

Bajang (Radja), I 400, 401.

Bajangers, 1 132, 402, 560.
IH 1021.

Bajoli, 1 344.

Bakasan, 1 718.

Bakau, II 1051.

Bakeytor zie Bodjonegara.

Bakkari, 1 326 328, 336, 337, 339,

343, 347, 348, 358.
HH 1227.

Digitized by Google

Bakoeng, II 1054.

Balanga, Il 1052.

Bali, 1 679, 736.

II 1067, 1338, 1339, 1456, 1472,
1473.

Balir, 1 19, 28, 29, 112, 120, 178,
211, 217, 235, 266 268, 272, 274,
278, 285, 286, 291, 297, 376, 421,
428, 429, 444, 449, 454, 455, 458,
461, 467, 468, 510, 516, 517, 523,
524, 535, 536, 547, 548, 563, 564,
584, 585, 606, 607, 609, 614, 617,
633, 639 641, 642, 652, 674, 676,
686, 687, 722, 733 735, 738, 742,
744, 748, 755, 758, 760, 772, 780,
781, 783, 785, 786, 794, 808, 814.
IT 825, 838, 847, 848, 859, 866,
868 870, 873, 874, 876, 878
880, 883, 897, 912, 916, 917, 963,
964, 969, 972, 984, 990, 999, 1002,
1030, 1036, 1064, 1085, 1086, 1105,
1110, 1111, 1159, 1172, 1213, 1237,
1238, 1259, 1287, 1292, 1305, 1316,
1321, 1337, 1340, 1344, 1345, 1348,
1364, 1367, 1371, 1377, 1378, 1381
 1384, 1448, 1449, 1454 1457,
1465.

Balla (Krang  Loewoe), II 840.

Bamman (J.), 1 633.

Banchem (Ms. van), II 1098.

Banda, 1 30, 61, 69, 70, 71, 117, 121,
133, 136, 141, 143, 144, 189, 212,
243, 249, 250, 254, 292 296, 310,
311, 367, 371, 373, 776, 777, 782.
IH 845, 1013, 1067, 1068, 1116,
1131, 1196, 1197, 1213 - 1216,
1273, 1274, 1289, 1309, 1310, 1473.

Bandaneezen, 1 60, 586, 588, 589, 602,
604, 606, 624, 628, 744, 748, 755.

II 847, 964, 1172, 1214, 1382,
1384.

Original from

PENN STATE
