LXIV

Soolmans (ass.), Il 1442.
Sopengers, Il 1014.
Sorikam, 1 177.

Soro (Boemisoro), 1 245, 252, 253,

257, 258.
II 839, 1226.

Sotiako, 1 270.

Souderwittel (Benjaan), 1 649.

Sourate, 1 38, 52, 67, 68, 271, 459,
571, 576, 578 - 583, 593, 599, 613,
631, 632, 636, 645, 648 650, 685,
695, 697, 728, 743, 744, 746, 791.
II 822, 830, 833, 855, 871, 908, 909,
950, 976, 977, 978, 980, 981, 986,
1001, 1004, 1008, 1010, 1013, 1025,
1027, 1033, 1065, 1071, 1072, 1078,
1100, 1103, 1131, 1160, 1178, 1210,
1221, 1222, 1281, 1325, 1326, 1396,
1441 1443, 1463, 1464.

Soury (J.), 1 20, 728.

Sousa (V. Ribeiro de), 1 541, 545,
563, 567, 571, 653, 659, 660, 771.

Souta (L. de), Il 923.

Souwa, zie Sonbai(t).

Spaansche Zee, Il 1356.

Spanjaarden, 1 350, 354.
HI 1114.

Spanje, 1 427, 428, 630, 729.

Speelman (C.), I 1, 6, 7, 8, 16, 24, 29,
34, 40, 41, 49, 50, 104, 106, 108,
125, 134, 135, 137, 139, 145, 148,
149, 154, 170, 171, 182, 191, 192,
203, 216, 218, 219, 220, 231, 232,
237 240, 250, 255, 256, 259, 260,
262, 264, 265, 321, 365, 366, 369,
371, 372, 373, 374, 383, 390, 394,
397, 403, 419, 430, 431, 436, 479,
480, 484, 485, 489, 490, 493, 495,
512, 526, 531, 550, 552, 583, 584,
590, 594, 596, 600, 609, 610, 612,
654, 659, 660, 669, 689, 693, 698,
709, 716, 739, 740, 741, 769, 770,
806.

hd

Digitized by Google

II 840, 852, 853, 855, 857, 858, 880,
886, 888, 911, 938, 939, 941, 961,
982, 1037, 1061, 1062, 1084, 1106,
1107, 1116, 1127 1130, 1134,
1177, 1181, 1185, 1187, 1189, 1190,
1194, 1195, 1199, 1201, 1208, 1220,
1225, 1232, 1276, 1297, 1299, 1300,
1312, 1314, 1315, 1321, 1351, 1357,
1375, 1392, 1401, 1405, 1420, 1447,
1468.

Speelman (J.), 1 174, 809.

Spijkermaacker (S.), 1 60.

Staal (J.), Il 949, 973, 974, 985.

Staal (Th.), Il 1128.

Stadsgracht (Ba.), Il 1313.

Staker (J.), Il 1132.

Standaarts (Ptje.), II 1210.

Star (D.), II 1115, 1232.

Steen (J. J. van der), I 5, 65.

Steenhouwersbrug, 1 157, 202.

Steenig Eiland, IL 1060.

Stel (S. van der), 1 4, 49, 284, 443,
557, 634, 635.
II 1069, 1070, 1072,
1097, 1114, 1356.

Sterrevelt (E. van), II 1141, 1341.

Steur (D.), Il 165.

Steutel (A. H.), I 17.

Stevens (St.), 1 529.

Stevenson (H.), Il 1365.

Steylman (J.), 1 274, 464, 567, 603,
643, 663, 671, 672, 701, 721.

Steylman (Juffr.), II 1072.

Stippert (P.), I 91, 181.
II 1334.

Straat Banka, 1 23, 170, 505.
II 886, 1333, 1334.

Straat Boeton, 1 364.
II 1196, 1197.

Straat Malakka, 1 40, 576, 579, 580,
582, 696, 743.

Straat Patientie (Patinti), 1 343.
II 845, 1197.

1093, 1095,

Original from
PENN STATE
