4, 138, 18
). JD, IN
b, 430 af
LGL, bes".
id
DJ
8, 750, I88
jd, 89 DLS
yrs Ar
RNN
Dd, HE
vi, 1E.
HG), is
1, 1e
2 IN
aug, IL
322, IS.
1360, 19 7
7, 138
 449, 1488
zr MILE
Seri.
105
1051
IL 1048.
(berg) Kk

      :
baja

784, 795, 796, 800, 809.

II 826, 828, 847, 849, 877, 878, 882,
883, 891, 915, 916, 926, 953, 973,
998, 1001, 1003, 1020, 1075, 1077,
1078, 1086, 1089, 1118, 1122, 1125,
1126, 1138, 1140, 1157, 1158, 1164,
1181, 1181, 1182, 1209, 1214, 1218,
1230, 1237 1239, 1273, 1296,
1308, 1319, 1332, 1333, 1358, 1359,
1365, 1366, 1444, 1457, 1459, 1460,
1465, 1472.

Tandjoeng Poetih, Il 1047.

Tandjoeng Priok, Il 859, 860.

Tandjoeng Saboe, II 1049.

Tandjoeng Seran, II 1060.

Tandjoeng Tiram, II 1150.

Tandjoeng Tjemara, Il 1126.

Tandjoeng Tjina, II 1046.

Tanete, II 839, 1014.

Tangana (Pangeran), I 224.

Tange (W.), 1 34, 172.

II 1184.

Tangerang, 1 22, 57, 58, 114, 138, 139,
145, 168, 169, 173, 177, 178, 179,
214, 215, 221, 224, 230, 234, 242,
266, 268, 270, 291, 293, 296, 306,
307, 376, 377, 395, 396, 408, 419,
435, 436, 446, 447, 453, 462, 468,
475, 476, 498, 499, 500, 508, 510,
511, 517, 519, 520, 523, 524, 526,
532 534, 547, 548, 554, 555,
556, 562, 563, 565, 566, 572, 581,
584, 604, 606, 613, 624, 626, 628,
629, 632, 638, 639, 640, 641, 643,
644, 645, 651, 652, 653, 670, 674,
677, 689, 715, 717, 723, 724, 727,
728, 731, 734, 737, 744, 748, 752,
155, 756, 757, 758, 759, 766, 767,
768, 784, 788, 790, 791, 793, 795,
799.

II 818 821, 824, 827, 832, 834,
835, 838, 847, 850, 858, 864, 872
 876, 878, 879, 881, 884, 885,

Digitized by Google

LXVII

890, 891, 896, 897, 905, 912, 917,
925, 926, 932, 935, 937, 942, 946,
948, 949, 953, 961, 969, 973, 974,
985, 987, 996, 998 1002, 1013,
1019, 1030, 1040, 1062, 1085, 1090,
1105, 1111, 1119, 1124, 1132, 1135,
1172, 1204, 1212, 1213, 1230, 1237
 1239, 1248, 1249, 1287, 1289,
1291 1293, 1302, 1316, 1321,
1334, 1340, 1347 1349, 1362,
1363, 1371, 1378, 1379, 1445, 1457,
1462.

Tangerang (Rivier van), 1 224, 225,

243, 266, 270, 293, 296, 304, 305,
306, 307, 308, 309, 375, 408, 420,
421, 435, 444, 445, 467, 475, 504,
509, 510, 517, 519, 520, 533, 585,
586, 604, 606, 639, 641, 644, 673,
675, 676, 682, 683, 696, 717, 721,
724, 727, 729, 732, 734, 739, 744,
749, 784, 795.
IT 820, 825, 833 1161, 1210,
1212, 1213, 1216, 1235, 1236, 1239,
1240, 1262, 1277, 1283, 1287, 1294,
1302, 1303, 1305, 1308, 1311, 1321,
1323, 1329, 1332, 1335, 1337, 1341,
1344, 1345, 1353, 1356, 1359, 1363,
1364, 1366, 1367, 1369, 1370, 1379,
1388, 1462, 1464.

Tangeranger(s), 1 179, 291, 293, 295,
375, 418, 420, 453, 510, 562, 564,
628, 640, 757, 785.

IT 864, 1000, 1364.

Tanggamoes (,,Telkanus’’), II 1047.

Tangkil, IL 1260, 1267, 1269, 1270.

Tangkoedjang, Il 1258.

Tangkoedjoeh, IL 1050.

Tangkorak, II 1085, 1170, 1213, 1242,
1252 1254, 1257, 1258, 1261,
1264, 1305, 1316, 1349, 1354, 1378,
1383, 1386, 1447, 1448, 1455, 1460,
1461, 1462, 1465, 1466, 1471.

Tanoebaja (Toemenggoeng), 1 6.

Original from
PENN STATE
