744

580, 584, 594, 666, 667, 669, 675
680, 682, 709.

Perzi (golf van), 567.

Petapoeli, 505, 554.

Phareya (P.), 505.

Philippinas, 241.

Piggen (J.), 344, 518, 519, 526, 529, 541.

Pinglamong, 627, 629.

Pinhero (A), 206.

Pinho de Fonseca (M.), 12, 122.

Pipeli, 18, 20, 21, 104, 105, 107, 108,
140, 142, 565, 568, 411, 426, 429,
665, 667670, 672, 675.

Piscadores, 255, 556, 557, 554, 599602,
611, 626.

Pit (J.), 110.

 (L), 22, 104, 109, 112115, 117,
118, 146- 148, 150, 169, 204, 564
568, 575575, 581, 586, 587, 414,
418425. 454, 442, 447449, 486,
489, 5O1, 521, 560, 561, 591, 640.

Pits (J. J.), 658.

Pittavin (A), 5.

Plangei, 86, 87.

Platte Vorm (fort), 552.

Plinlochin, 77.

Plockhoy, 599.

Poelesere, 110, 115.

Poeloe Ai, 255258, 260, 261, 276, 277,

280, 481, 518, 521, 540, 557, 559.
 ur, 600.
 Laut, 415.
 Pandjang. 5, 65.
 Rakit, 27.
 Rhoen, 255, 257, 260, 261, 265,
459, 466470, 475, 509515,

 Portugal, 55, 59, 100, 125, 129, 185,

515 517, 526, 527, 529552,
542, 557, 559, 584, 663.
 Saoesoe, 250.
 Tiamon, 600.
 Tjinko, 705, 704.
Poerbaia (Pangeran), 2, 155.
Poerba Negara (Pangeran), 145.

Google

REGISTER VAN PERSONEN- EN PLAATS-NAMEN.

Poetchim (rivier), 71.

Poetih (Nachoda), 57.

Point de Gale, 150, 151, 147, 150, 151,
186, 188, 197, 218, 281, 521, 528
5352, 560, 581, 585587, 412, 420,
484, 552, 566, 582, 584, 672, 710.

Pol (J. G. van der), 688.

 Polen, 59.

Ponda, 545.

Pondi, 488, 586.

Ponepili, 448, 449, 566, 594.

Pontang, 18, 555, 590.

Poole (H.), 145.

Poolman (C.), 128, 226, 614, 616, 617,
620, 715, 717.

Poolvoet (E.), 174177, 215, 456, 655
657, 710.

Poppe (V.), 555.

Porka, 119, 120, 126, 129,
185-186, 188, 189, 192,
525527, 559, 411, 415,
572, 575, 577, 682.

Porto Novo, 110, 115, 204,
565, 574, 451, 452, 454,
654, 656, 672.

178,
195, 514,
568, 570,

211,
489,

184,
255 257, 507, 517, 529, 557,
577, 585, 595, 411, 422, 456,
440, 448, 472, 488, 491, 502,
555, 579, 641, 671, 681, 682, 695.

219,
558,
459,
546,

Portugezen, 4, 26, 50, 55, 55, 59, 46, 57,

58, 71, 72, 75, 94, 97, 98, 107, 115,
117, 118, 120124, 126, 127, 129,
170, 172, 178186, 189, 192, 197,
215, 215, 228, 229, 251, 252, 280,
288, 289, 507, 515, 517, 518, 522,
525, 525, 526, 528550, 545, 549,
561, 564, 572, 585, 595, 412,
420, 422, 450, 455, 457, 459, 445,
487, 492, 495497, 505, 505,
557, 545545, 547, 555, 565.
576, 577, 592, 595, 651,
642, 659, 669, 678, 681, 695.

572,
