REGISTER VAN PERSONEN- EN PLAATS-NAMEN.                125

6352656, 658660, 667, 672, 697,
700, 707.

Atjihnezen, 528, 698705.

Aurengzeeb, 105, 107.

Auxbrebis (M.), 21.

Ava, 111, 112, 176, 566, 657.
Azavedo (A. Homem de), 458440.

B.

Babasisinai, 544.
Babasmai, 545.
Baber, 277, 477.
Bacharach, 520.
Backer (C.), 471.
 (6), 115, 116, 150.
sn (Is Aid
Bacx (J.), 121, 122, 585.
Baderpaira, 501.
Badrapaneik, 517, 520, 492.
Baert (A.), 150.
Bagoeala (S.), 271.
 (pas van), 266.
Bagoes (Intje), 171.
Baiang, 82, 561, 697700, 705.
Baipar, 576.
Baipin, 119, 125, 128, 181, 189, 192,
525, 568.
Baixos, 580.
 de Antonio Viana, 555.
 Padua, 295.
Bakenoor, 519.
Bakloeang, 611.
Balagi, 545, 544.
Balboelachan, 109, 147, 204, 447.
Baldeus, 551.
Bale (J.), 512.
Balemboeangan, 161.

Bali, 2, 25, 81, 155, 161, 165, 200, 221,

254, 559, 357, 562, 577, 415, 459,

 (J.), 466.

Baly (M.), 541.

Bamsamoeder, 682.

Banda, 5, 8, 14, 17, 20, 155, 228, 255,
237, 259, 250, 255, 255, 257, 258,

Google

260264, 572, 275, 276-281, 285,
598, 465467, 469, 475 482, 497,
498. 500, 501, 509512, 515, 517.
518, 520, 521, 524, 526, 527, 529
531, 540, 542, 556-558, 584, 585,
595, 665, 689.

Bandanezen, 188.

Bandjermasin, 17, 24, 66, 152, 155, 165,
220, 222, 251, 285, 286-288, 559,
541, 575, 578, 415, 416, 460, 461,
475, 474, 525, 524, 596.

Bandoeriti, 192.

Bangai, 9, 556.

Bangi, 456.

Bangka (eiland), 255.

Bangkalis, 65.

Banka, 170, 559, 685.

 (straat), 659.
 -poera, 545.

Bankesal, 215, 215.

Bantal, 157.

Bantam, 5, 5, 6, 9, 17, 18, 24, 26, 27,
51, 52, 54, 58, 62, 65, 66, 6870, 80,
81, 92,95, 99, 115, 1355, 158, 159, 144,
145, 150, 152, 155, 156, 160, 165, 170,
196, 197, 199, 200, 202, 215, 219, 221,
222, 250, 25    5
556, 540, 542544, 548, 555, 555,
556, 562, 565, 575, 576, 578, 581,
588-590, 407, 409, 410, 416, 455,
455, 456, 442 444, 454, 456 - 458,
460, 466, 471, 475, 494, 496, 500,
509, 510, 514-519, 525, 524, 526,
527, 529551, b4l, 564, 584, 587,
595, 596, 654, 658, 659, 662, 681,
682, 688, 704, 705.
