726

Brouwer-straat, 205.

Brummer (L.), 225, 444.

Bruyl (G.), 85, 200, 201, 212, 450, 632,
654.

Bruyn (G. de), 313, 519.

Buffkens (J.), 284, 285.

REGISTER VAN PERSONEN- EN PLAATS-NAMEN.

Burgers (J.), 10, 224.
Burum (D), 9, 244, 270.
Bushof (H.), 447.

Buys (R. J.), 119, 121.
Bwool, 244.

C.

Cabita, 240.

Cabo dos Corinthos, 101.
 Negro, 555.

Caeuw (J.), 16, 534, 404, 445, 446, 560,
595, 692.

Caletus, 551.

Camp (H. op de), 294.

Campen (J. van), 226.

Camphuysen (J.), 235, 238, 533, 535, 556.

Carpentier (R. de), 481.

Casembrood (J.), 219.

Cassier (P.), 705, 711

Caulier (J.), 150.

Ceilon, 18, 2022, 50, 108, 109, 114,
115, 119, 126, 128151, 159, 140,
142, 147, 149152, 165, 167, 178,
180, 185, 184, 186, 188, 192194,
197, 209, 210, 218, 258, 281, 290,
291, 295, 294, 509, 515, 515, 518, 520,

521, 526, 527, 529, 551, 555, 558,
552, 560562, 564 567, 574, SR1

589, 407, 411415, 418, 420, 421, 425,
427, 428, 4354, 445, 449, 451, 472,
485, 488, 489, 492, 495, 502, 503,
515, 517, 521, 527, 549, 550, 552,
554, 556, 566, 568, 570572, 577,
579, 580, 582, 584, 586, 595, 594,
651, 665667, 669, 672, 677, 678,
680, 689, 709.

Ceith, 266.

Celebes, 243, 247, 248, 592, 400, 555.

Ceram, 251, 265268, 271-275, 278,

279, 599, 478480, 520, 540, 558,

584, 585, 695.

Google

Ceram-laut, 271, 272, 480, 558, 585, 695.

Cerammers, 254, 262, 271, 275, 277
279. 464, 476, 520.

Cerousi, 511.

Cesar, 255, 258, 533, 535.

Ceulen (W. van), 225.

Chaestachan, 665.

Chalipa, 157.

Chamber (T.), 116.

Chamoeratbek, 458.

Chancefoe, 49.

Chanchanna (Nabab), 94, 107, 108,
166, 167, 169, 211, 295, 504,
3589, 411, 424, 491, 505, 590,
665.

Chandoera (Nabab), 429, 652, 665,

Chasian, 7, 94, 297.

Chasousa (Prins), 7, 291, 297.

Chaul, 506, 585, 546, 547.

Chechamet (nachoda), 142.

Chekian, 44, 58.

Chenoti, 189.

Cheribon, 2, 24, 25, 66, 152, 155,
161165, 221, 222, 559, 540,
414, 417, 459, 461, 522, 524,
6358, 659.

Chesne (M. du), 224, 226.

Chiasahan, 505.

Chilau, 195, 586, 580.

China, 38, 39, 44. 57-659, 70, 71, 74,
94, 99, 129, 152, 158, 174, 176, 188,
206, 208, 220, 228, 2355255, 257
259, 286, 288, 518, 556, 558, 544,

554, 492, 494, 599, 600, 602,

152,
5717,
595,

552,
