792

Goedongh (Pangeran), 58, 408.

Goelian, 367.

Goens (R. van), 1, 2, 7, 8, 12, 15, 17,
18, 24, 28, 32, 353, 59, 65, 74, 88,
116, 118, 166, 171, 175, 176, 178180,
185185, 191, 194, 198, 200, 208, 215,
221, 225, 229, 251255, 266, 267, 270,
307, 3515, 317, 527350, 547 552,
3565, 373, 574, 579, 580, 582585, 407,
408, 425, 428, 455, 457 459, 440, 455,
464, 475, 474, 489, 499, 509, 512,
519, 559. 542, 545, 554 557, 561, 562,
574576, 581, 582, 598, 599,610,622,
626, 645, 644, 648, 668, 670, 685, 695,
721, 754, 7355, 742, 745.

Goens (V. van), 83.

Goens de Jonge (R.), 54, 55, 75, 278,
294, 295, 542, 584, 585, 451, 483,
505, 605, 628, 6355, 6354, 655, 698.

Goerana (Dang), zie: Boerane.

Goeree, 490.

Goes (D.), 17.

Gogodon, 485, 524, 525, 540, 564.

Golconda, 150, 607, 642.

Gombongh, 556.

Gompol, zie: Gempol.

Gool (N. van), 682.

Goossens (G.), 564, 727, 745.

Gorontalo, 144, 388, 665.

Gouda, 264.

Gouserate, 269, 274, 276, 450.

Goutsmit (J.), 629.

Gowa, 207212, 513, 314, 325, 546,

REGISTER VAN PERSONEN- EN PLAATS-NAMEN.

554, 589, 597, 486, 540, 545, 568,
576, 629, 652, 655, 641, 642, 679, 751.

Gracia, 765.

Granda (P.), 265.

’s Gravenbroecq (.), 60.

’s Gravenhage, 618, 720.

Gravius (J.), 11.

Greifswald, 265.

Grevinck (A.), 163, 686, 712, 715.

Griffer, 583.

Grim (H.), 288.

Grimmel (T.), 165, 206, 289, 290, 512,
522, 416, 417, 487, 502, 546, 655,
686, 712.

Grissee, 19, 59, 48, 50, 78, 79, 122, 167,
168, 259, 261, 552, 335, 577, 410,
413, 421, 465, 468, 554, 556, 576,
614, 616, 660, 698, 700, 705, 762, 764.

Groboang, zie: Grobogan.

Grobogan, 19, 160, 214, 511, 341, 577,
447, 485, 525.

Groenewegen (A. van), 520.

Grogol, 558, 595.

Grompol. 525, 558, 559, 658.

Groningen, 14, 752.

Groot Brittanje, 222, 593, 463.

Groot Java, 64, 328.

Grun (H. N.), 75.

Gubbingh, zie: Gabang.

Guisdinichan (Nabab), 274.

Gutierrez (J.), 22, 727 750.

Guwoangh, 3541.

ET.

Haarlem, 470.

Haen (J. de), 512, 522.

Haes (D. de), 4, 17, 26, 88, 89, 92, 128,
147, 165, 171, 177, 178, 185, 198,
224, 515, 520, 321, 459, 441, 599, 726.

Hagedoorn, 155.

Halft (H.), 299.

Google

Hamburg, 271.

 Harckes (P.), 22, 26, 27, 145, 728750

Harckmans (H.), 288, 289.

’ Harde (J. de), 597, 599, 410, 485, 576,
577, 590, 591, 619, 638, 676, 706, 707.

Haringman (L.), 163, 164, 189, 196, 197.

Harlingen, 421, 470.

