804

Pagaden, 459, 506, 507, 680, 689, 692
694, 759, 758.

Pagagadin, zie: Pagaden.

Pagalaran, 255.

Paganoangh, 687.

Pahang, 426.

Pailetter, 86, 231, 255.

Paja Sitra, 419.

Palaboean, 658.

Palakka (Aroe),
546, 547,
600, 601,

207209, 515, 516,

558, 597, 559, 568, 585,

603, 604, 609615, 624,
625, 627, 628, 632, 637, 658, 642,
648, 662, 674676, 688, 710, 711,
720, 761, 752, 755.

Palembang, 9, 52, 354, 45, 49, 62, 66,
78, 88, 89, 92, 102, 121, 128, 155,
134, 146, 147, 1656167, 171, 175,
177180, 185, 184, 198, 217, 218,
220, 259, 261, 3506, 540, 544, 546,
411, 413, 426, 432, 459441, 445,
466, 510, 555, 545, 578, 598 600,
G11, 644, 691, 695, 715, 755.

Paliakate, 150, 205, 278, 559, 584, 458,
485, 564, 589, 628, 653, G41,

Palicol, 686.

Paliport, 251.

Paljetter, zie: Pailetter.

Palurty, 251.

Pamalang, 206, 525, 555, 556, 418, 466,
468, 481, 502, 6355, 5356, 575, 574,
614, 699, 701, 765.

Pamanoekan, 57, 26, 56, 57, 48, 50,
5658, 62, 72, 95, 9597, 99 104,
107, 108, 110116, 118, 120, 150,
151, 155137, 147, 152, 155,
160, 164, 165, 167, 169, 171, 172,
189, 196, 197, 199, 217, 225,
262, 281, 282, 289291, 296,
514, 518, 519, 3522, 530, 531,
555, 551, 552, 557, 565, 569, 571
573, 575, 405, 409, 410, 422, 454,
458, 459, 466, 468, 475, 478, 479,

Digitized by GO   gle

REGISTER VAN PERSONEN- EN PLAATS-NAMEN.

495,
518,
574,

495,
519,
585.

499,
552,
586,

502, 505507, 510,

554, 556, 558, 555,

592, 602 619,
657, 646, 651, 652, 655, 675, 684,
699, 719, 725, 759, 758, 761.

Pampangers, 511, 512, 521.

Panakan Moedjangh, zie: Parakan Moen-
tjang.

Panane, 256, 259, 241.

Panaraga, 658, 749.

Panaragan (Krang), 526, 597, 450, 659,
669.

Panawangan, 525.

Pangiwa, 551.

Panglima Radja, 166.

Pangokirang, 567.

Panida, zie: Wajahan Panida.

Panoeclan, 485.

Paoe, 558, 691.

Papoea's, 591.

Parakan Moentjang, 181,

Parel, 15, 752.

Parker (R.), 504,
562, 5635, 569, 591,
406, 422, 425, 455,
465, 479, 585, 587.

Parnawangan, 476.

Parnegamme, 75.

Paroe, 242.

Paroeng Belimbing, 254.

Parombala, 254.

Paroua Diepa, 518.

Parve (D.), 11, 15, 16, 22, 91, 286, 315,
547, 425, 458, 450, 455, 605, 727,

Parve (J.), 11, 17, 26, 89, 158, 146,
158, 286, 287, 514, 541.

Pasawahan, 602.

Pasir, 80, 122, 534, 536, 616, 701, 764.

Pasir Alang, 644, 646648.

Pasoeroean, 487, 764.

Pasquaal (J.), 766.

Pasquael, zie: Verbeeck.

Passajanan, 459,

404.
307,      316, 529,
592, 594, 402,
460, 462,

Original from
UNIVERSITY OF WISCONSIN
