REGISTER VAN PERSONEN- EN PLAATS-NAMEN

Mahameda Biga 275.

Majoeda, 145, 542, 562.

Makanrika, 506.

Makassar, 13, 16, 58, 44 46, 49, 50, 72,
74, 76, 78, 79, 125, 142, 207, 211
213, 513, 516, 525, 3355, 535, 546,
547, 358, 565, 576, 3580, 588, 589,
397, 410, 429 -451, 449, 466, 468,
471, 481, 506, 555, 539, 540, 545,
568, 576, 585, 600, 601, 605, 604,
615, 616, 620, 622, 640, 649, 662,
668, 671, 688, 699, 701, 765, 764,
766, 767.

Makassaren, 19, 59, 44, 45, 87, 97, 100,
126, 141, 155, 160, 182, 185, 226,
282, 296, 505, 510, 513, 531, 542,
3551, 555, 555, 556, 568, 575, 576,
319581, 396, 397, 401, 403, 415,
417, 4235, 4350, 442, 447, 479, 485,
486,     495, 495, 498, 499, 506,
519, 5   527, 550, 558, 560, 566,
567, 577, 581, 585, 585, 611, 619
625, 625, 629, 6535, 655 -657, 641,
647 650, 655, 656, 658, 663, 666,
674, 675, 687689, 696, 707, 719,
720, 725, 724, 757, 7487151, 755, 758.

Malabar, 54, 84, 124, 250, 231, 257, 240,
242247, 249, 256, 265, 564, 499,
5035, 504, 579, 596, 605, 628, 766.

Malabaren, 252, 555.

Malakka, 5, 9, 2022, 55, 54, 40, 45,
46, 49, 66, 102, 122, 155, 154, 168,
180, 185, 202, 261, 269, 272, 273,
275, 317, 554, 356, 544, 548, 559,
564, 3570, 576, 421, 423, 425427,
454, 455, 442, 466, 482, 483, 555,
536, 546, 568, 576, 577, 579, 591,
595, 595597, 605, 605, 606, 614,
616, 622, 628, 645, 644, 648, 695,
697, 699, 721, 728.

Malali, 402,

Malan Karza (Ngabehi), 417.

 Malda, 656.

Google

799

Maleiers, 41,
97, 105,
165 167,
204, 220,
531, 3557,
570 - 572,
401, 405,
456458,
499, 555,
561, 565,
585, 597,

47,
123,

169,
265,
540,
579,
409,
445,
537,
566,
598,

52, 57, 70, 74, 84,

154, 155, 160, 161,

171175, 182, 187,
281, 506, 314, 317,
547, 554, 565, 567,
581, 582, 584, 3586,
414, 421, 426, 427
450, 472, 486, 488,
559, 545, 545, 552,
575, 576, 579, 581,
617, 620, 624, 659,
655, 658, 661, 665, 668, 697, 702,
715, 719, 721, 727, 755755, 7357,
748, 749, 752, 761, 765, 768.

Malewa (Dang), 666, 677.

Maleye, 140142.

Malike (Dang), 675.

Maly (Aroe), 620.

Mamaroet, 619, 621, 622, 656, 650, 687,
688, 725, 724, 758.

Mambal (Ketoet), 544.

Mamet Coulybeeck, 55.

Mamet Sofi, 9, 182, 3556.

Mametchia, 166.

Mamoe (Dang), 659.

Mamoe (Krang), 209.

Man (A. de), 769.

Manckiealie (Dang), 555.

Mandaraka, 599, 525, 559, 567, 572,
665, 687.

Mandarshah, 562.

Mandoera (Toemenggoeng), 724.

Manga, 736.

Manggala (Dang), 215, 3510, 554, 576
565, 6359, 662, 665, 679.

Manggaraay, 77.

Mangarsey, 245.

Mangaty, 248.

Manggis, 544, 575, 644.

Manghabey (Kare), 555.

Mangika (Dang), 97.

Mangkoeboemi (Pangeran), 440, 441, 508,
559, 599.

Ld
