REGISTER VAN PERSONEN- EN PLAATS-NAMEN.

Cheribon, 2, 4, 6, 15, 24, 28, 50, 54, 56,
44, 48, 50, 57, 58, 65, 69, 70, 72,
75, 78, 80, 84, 91, 92, 9698, 100
104, 107109, 114, 116-118, 120,
121, 150, 151, 147, 152154, 159,
161, 164, 167, 168, 174, 175, 182,
200, 205, 207, 214, 215, 217, 225,
226, 255, 259, 261, 279, 282, 285,
502, 513, 514, 518, 551, 555, 555,
351, 356, 558, 359, 365, 566, 568,
569, 572574, 401, 405, 405, 407,
408410, 415, 418, 419, 422, 425,
426428, 457, 444, 445, 455 4bb5,
459 461, 465, 469, 475, 475, 476,
479, 481, 494, 496, 497, 501, 527,
534, 536, 544, 546, 548, 549, 555,
575, 586, 588, 589, 592, 594, 604,
609, 612, 615, 616, 624, 626, 650
6355, 645, 645, 647, 652, 656, 675,
684, 685, 695698, 700, 712, 714,
715, 719, 725725, 757740, 757,
758, 761, 762, 764.

Cheribonners, 505.

Chiliwidarga zie: Tjiliwidara.

Chillimy zie: Tjilamaja.

China, 2, 5, 61, 64, 65, 129, 179, 225,
260 -262, 295, 521, 526, 550, 544
546, 549, 459, 456, 514, 556, 557,
616, 617, 682, 700, 701, 754.

Chinapack zie: Tjimapag.

Chincheeuw, 129, 556, 585, 470.

Chineezen, 15, 55, 42, 47, 51, 59, 61,
65, 68, 75, 78, 80, 106, 107, 115, 121,
124, 126, 134, 158, 155155, 160,
161, 164, 168, 169, 184, 194, 196,
197, 211, 226, 264, 277, 279, 281,
282, 286, 289, 5301505, 515515,
526-3552, 555 557, 548, 555, 557,
558, 567, 370, 577, 581585, 586,
410412, 416, 421, 455, 445, 464,
465, 467471, 481, bil, 524, 526,
551, 546, 555, 557, 571, 574, 577
579, 597, 598, 605, 609, 615, 622,

Google

787

624, 658, 655, 685, 702, 755, 759,
760, 764766, 768.

Chinestrum (N.), 561.

Chipondo, 505.

Christenen, 110, 627.

Christiaensen (A.), 224.

Christiaensen (N.), 599, 488, 509, 525,
567, 758.

Christiania, 124.

Christoffelsen (J.), 128.

Cicila (Dang), 671, 672.

Cirreboya, 560.

Claes, 766.

Claesen (B.), 20, 286, 289.

Claesen (C.), 613.

Claessen (R.), 400.

Clarisse (1), 526.

Clement (F.), 515.

Clerici, 252.

Cleyer (A), 12, 17, 286, 288.

Cloeck (J.), 16.

Coack (bocht van), 506.

Coantenga, zie: Koanteng.

Cochin, 5, 20, 8486, 225, 250, 251-244,
246, 247, 249252, 564, 504.

Cock (G.), 515.

Cock (D. de), 522.

Cocq (P. de), 17.

Cocx (G. W.), 21, 296.

Coddondawa, 524.

Codliko, 760.

Coedyck (H.), 198, 199.

Coeman (C.), 11, 525.

Coeta Pringy, zie: Kotaringin.

Coilan, 254256, 258240.

Colangh zie: Kalang.

Goll (A.), 521.

Colombo, 54, 74, 75, 257, 278, 294, 295,
3564, 585, 451, 485, 503, 653, 654, 654,
655, 698.

Coloran, 598.

Comasissa Pamasa, 275.

Combo, 565.
