790

Duizend Eilanden, 97, 98.

Dunlopes (W.), 286, 289, 298.

Dupree (D.), 766.

Daryn (J.), 589.

Dusseldorp (P.), 298, 299, 515.

Duyn (C. van der), 11, 17, 514.

Dwars in de Weg, 525.

Dyck (J. van), 21, 28, 29, 32, 55, 55, 57,
59, 41, 4545, 57, 58, 6063, 69,
70, 73, 76, 85, 84, 87, 90, 92, 94,

REGISTER VAN PERSONEN- EN PLAATS-NAMEN.

96- 99, 101, 102, 105, 106, 109, 110,
115, 119, 120, 125, 126-128. 154.
155, 1357, 145, 147 - 149, 1535 155,
162, 175, 176, 181, 228, 500, 566,
572, 375, 3575, 401, 405, 407409,
422, 426-428, 457, 458 -462, 475,
474, 482, 485, 495, 494, 497 499,
501, 502, 505, 507, 51O, 527, 528,
5358, 555, 565, 627, 714.
Dyckman (H.), 12.

Ei.

Eeckhoff (H.), 514.

Eeden (H. van den), 26, 71, 87, 88, 95,
94, 105, 109, 110, 117, 133, 135, 156,
155, 156, 165, 186, 192, 195, 202,
219, 230, 256-258, 266, 508, 3509,
520, 404, 419, 420, 428, 429, 445,
452, 456, 458, 460, 472, 475, 480,
495, 496, 499, 5OO, 505, 505, 517,
524, 531, 546, 55O552, 558, 575,
602, 628, 644, 646648, 652, 667,
672, 680, 682, 686, 688, 689, 692
694, 718, 722, 756.

Eeuwyck (T. van), 10, 25, 26, 57, 59,
60, 62, 65, 71, 74, 87, 95, 94, 98,
105, 109, 116, 117, 155, 135, 156,
186, 193, 205, 219, 519, 545, 682, 706.

Egbertsen (H.), 488, 515, 545, 576, 605,
604, 715.

Egosie Ragia, 54, 149, 458, 642.

Elmers (P.), 68, 285.

Engeland, 5, 355, 45, 271, 508, 562, 569,
371, 391393, 402, 403, 406, 407,
421, 422, 425, 456, 443, 454, 492,
529, 550, 690, 697.

Engelsch Onrust, 224.

Engelschen, 2, 4, 5, 21, 25, 24, 29, 53,

55, 57, 40, 42, 43, 45, 55, 58 - 60,
64, 70, 75, 75, 88, 98, 128, 153, 137,
141, 147, 148, 154, 162, 165, 165,
1835185, 189, 190, 194, 195, 197
199, 215, 291, 2235, 224, 240, 242,
245, 2735, 279, 280, 285, 295, 504
308, 316, 326, 527, 529, 542, 555
557, 562, 565, 568, 369, 571, 591,
592, 402, 405, 406, 407, 421, 422,
425, 426, 455, 456, 458, 442,
454, 455, 460, 462, 479, 485,
515, 519, 529, 550, 580, 585,
587, 597, 651, 632, 641, 645,
647, 675, 680, 684, 685, 690,
697, 712, 715, 718720, 741,
7154, 764, 765.

Engelsen (M.), 765.

Enkhuizen, 14, 35, 65, 67, 578,
71271, 737.

Enoch zie: Poolvoet.

Erbervelt (BP), 514.

Es (D. van), 298, 299, 515.

Europa, 507, 394, 454, 529, 720.

Europeanen, 141, 658, 659, 661,
698, 747 750.

Evas, 277.

445,
510,
586,
645,
696,
747,

726,

Es

Faa (A), 4, 54, 89, 366, 450, 727, 728,
742.

Google

Fariet (Sech), 656.
Fentzell (H.), 225.
