REGISTER VAN PERSONEN- EN PLAATS-NAMEN.

Harthouwer, 144.

Hartman (A.), 659.

Hartoch (G. de), 298.

’s Hartogenrade (D.), 512, 522.

Hartsinek (W.), 10, 172, 175, 188, 192,
195, 217219, 225, 250, 255, 256,
258, 266, 281, 3514, 444, 44b, 456,
474, 632, 558, 574, 595, 604, 608,
612, 652, 644, 646-648, 652, 655,
666, 667, 672, 6G80685, 686, 689,
690, 692694, 715, 715717, 722,
156, 757, 759.

Hartsinck (W. G.), 150, 559, 589, 607, 686.

Hatihatoe, 595.

Hatouwi, 563.

Hay, 595.

Heden (J. van), 445, 578, 720.

Helt (H.), 11, 228, 500.

Hendricxen (J.), 421, 470.

Hendrikse (H.), 264.

Hendriksen (R.), 124.

Henegouwen, 124.

Henrican, 671.

Herculessen (J.), 298.

Herenthals, 491.

Herkes, zie: Harckes.

Heyndricxen (E.), 515.

Hierapolitanen, 247.

Hiko, 416.

Hillebrantsen (J.), 515.

Hindostan, 360.

Hinloopen (B.), 159, 146, 344, 484, 605.

Hoeck (CG. C. van der), 125.

Hoegli, 53, 124, 145, 148, 225, 656, 754.

Hoksieuw, 2, 5, 54, 129, 150, 158, 344,
54b, 349.

llolland, 27, 268, 271, 307, 393, 577,
592, 593, 609, 752, 7435745.

Hollanders, 97, 550, 574, 598, 629, 652,

Idop (Entji), 580, 451.

Google

795

655, 656, 675, 688, 695, 696, 701,
711, 715, 719, 721, 742, 744, 746, 761.

Hollandia, 14, 752.

Holsteyn (J. F.), 11, 288, 358, 597, 600,
601, 657, 658, 666, 671, 677, 724, 750.

Hombergh (J.), 44, 60.

Honty, 565.

Hoogland, 491.

Hoorn, 14, 55, 67, 449, 450, 515, 578, 757.

Hoorn (J. van), 10, 17, 66, 194, 501,
327, 328, 550, 385, 584, 444, 516,
556, 557, 610, 628, 645, 752, 754.

Hoorn (P. van), 1, 8, 12, 16, 91, 124,
136, 137, 195, 285, 515, 512, 715, 716.

Hoorn (P. van den), 20, 514, 752.

Hopman (A.), 566.

Hosten (A. van), 21, 296, 297, 299, 615.

Hottentotsch Holland, 155.

Hottentotten, 66.

Houpeko, 464.

Hugo (H.), 16, 66.

Hulft (G.), 257.

Hurdt (A), 9, 22, 46, 175, 230, 285,
306, 3507, 312, 516, 525, 340, 542,
544, 3547, 5535, 3558, 3559, 562, 566,
3570, 371, 3573, 376, 579, 581, 582,
585, 386, 594402, 409, 410, 417,
422, 425, 457, 447, 448, 465, 481,
485, 486, 488, 508, 524-526, 540,
54l, 545, 558, 560, 564--575, 576,
590, 591, 619, 620, 622, 6535659,
645. 657667, 6735, 676-679, 704,
705711, 724, 746, 747, 7149752,
755.

Hurdt (M.), 40, 155, 165, 226, 558, 565,
451, 464, 609, 691.

Huysman (J.), 150, 559, 689, 607.

Huysman (M.), 564, 505, 504, 605, 628,

686.

Le

 lerland, 216, 222,
