REGISTER VAN PERSONEN- EN PLAATS-NAMEN.

489

P.

Padang, 21, 100, 103, 163, 155, 163,
180, 182, 190, 204, 219, 248, 278,
282, 284, 289, 507, 514, 520.

Padjarakan, 187, 198, 259.

Padtbrugge (R.), 17, 66, 94, 164, 255,
236, 243, 269, 341, 542, 554, 555,
463.

Pageh, 82.

Pahang, 30, 55.

Palaka (radja), 135, 1359, 167, 172, 186,
198, 212, 264, 371, 558, 559, 452,
446, 465, 466.

Palarang (doeroe), 372.

Paleakate, 98, 100, 150, 180, 181, 318,
520, 387, 595, 3596.

Palembang, 3, 18, 19, 25, 50, 32, 58,
40, 48, 56, 57, 65, 72, 78, 81, 84, 88,
94, 96, 97, 118, 119, 134, 141, 152,
155, 170, 171, 176, 182, 201, 204,
246, 247, 258, 285, 284. 288, 290,
509, 310, 315, 327, 328, 556, 357,
3574, 375, 381, 4350, 447, 457, 458,
469.

Palembangers, 111, 167,

Palingh (L.), 337, 435,

Pamalang, 30, 56, 58, 117, 120.

Panagi, 213, 593.

Panaragan, 109, 147.

Panganten (raden), 440.

Pangeran Adipati, 167, 177, 254, 261,
270, 281, 287, 289, 500, 3501, 5053,
3543, 54b, 426.

Pati (pangeran), 431.

Panoelar (aria), 3500.

 (raden), 442.

Pantsi, 272.

Pantsiano (eiland), 235, 236.

Pape (J. de), 65.

Parel (bastion de), 229.

Parga (rivier), 241.

Pariamata, 415, 417.

199, 457.

Digitized by Google

Parnegamme, 105, 135.

Parv (D.), 163, 371.
 (J). 3, 5, 38, 351.

Pasir, 55, 108, 109, 282, 284, 468, 469.

Pasoeroean, 109, 186188, 198, 211,
258240, 246, 261, 267, 269, 415, 417.

Pati, 71, 79, 90, 106, 107, 110, 111,
184, 210, 2358, 259, 241, 294, 501,
505, 304, 3523, 545, 456 440, 444.

Patima (kraeng), 293.

Patna, 132, 388, 595, 421.

Patra Singa, 409.

Pauli (J. J.), 29, 122, 142, 143, 169, 178.

Pauw (P), 33, 44, 69, 168, 206, 234,
250, 271, 278, 520, 404, 406, 419.

Pauwers, 100.

Pavilioen (A), 129, 192, 3359, 353, 467.

.    (M.), 420.

Payne (A.), 144, 218, 295.

Pedro (P.), 521.

Pegoe, 180.

Pekalongan, 1, 30, 31, 36, 49, 56, 57
81, 83, 117, 119, 147, 152, 155, 166,
203, 204, 220, 228, 246, 248, 274,
285, 284, 299, 3501, 302, 304, 505,
513, 515, 551, 357, 345, 373, 575,
413, 417, 454, 4358, 459, 442, 466, 469.

Peking, 134, 448.

Pemalang, 467, 469.

Pemanoekan, 87, 89, 152, 155, 202, 204,

246, 248, 283, 284, 315,
315, 332, 349, 350, 361, 564,
3568, 369, 373, 3575, 592,
15, 417,455, 457, 467, 469.
.      (rivier), 113, 115, 118, 120.

Penneman (F.), 78, 255, 286.

Perak (rivier van), 3595.

Pereira (A), 158.
 (J.), 464.
 (P.), 158.

Perimbala (kanarijn), 511.

Original from
NEW YORK PUBLIC LIBRARY
