me  -

REGISTER VAN PERSONEN- EN PLAATS-NAMEN                495

Soembawa, 31, 58, 84, 109, 119, 155,
146, 201, 209, 257, 313, 315, 358,
564, 371-3735, 375, 382, 415, 417,
4535, 4h6, 458, 467, 469.

Soembawers, 564.

Soemedang, 355, 361, 431.

     (pangeran), 408410.

Soemenep, 468. 469.

Soemoer, 118, (19, 2032.

Soentar, 377.

Soenter (rivier), 177, 473.

Soerabaia, 32, 68, 69, 77, 78, 82, 84,
89, 90-95, 97, 105111, 119, 122,
136, 139, 144, 146 -149, 151, 152,
156, 161, 162, 165, 166168, 171,
182188, 190, 192, 195, 197, 198,
204, 209, 1, 212, 215, 225227,
231, 253, 258, 259, 246, 248, 259
262, 264, 266269, 274, 275, 279,
280, 281, 284, 299, 500, 303, 305,
3350, 331, 3554336, 359, 343, 346,
350, 365, 567, 571, 589, 3590, 391,
392, 454, 457, 442444, 454.

Soeranata (kiai aria), 191, 294, 304.

.    (toemengoeng), 458, 440.

Soerate, 8, 18, 20, 29, 73, 95, 99, 125
130, 140, 178, 179, 191, 193, 194,
200, 206, 220, 225, 224, 253, 234,
242, 254, 265, 264, 276, 278, 320,
325, 3351, 333, 334, 338, 540, 541,
586, 387, 421.

Soesoehoenan, 4, 23, 35, 36, 55, 6670,
78, 79, 86, 89-93, 95, 105, 107, 109,
111-115, 122, 1537-139, 161, 169,
166, 167, 177, 185-187, 1911953,
196, 197, 210, 211, 215217, 220,
221, 224 228, 231, 232, 236, 239
242, 254, 259 264, 266270, 275
276, 280, 290, 294, 299305, 313,
3525, 325, 327, 331, 3532, 536, 557,
542346, 548-3550, 355, 361 3508,
371, 372, 3584, 590, 591, 397399,
426, 43535443, 454.

Digitized by Google

Soeria Joesa Poera, 129.

Soeta Djaja, 116.

 Mangala (loera), 165.

Soetamita (ratoe bagoes), 169, 175.

Soeta Pradja (kentol), 67.

Soliman, 3585, 584.

Solor, 55, 265, 266.

Sombar, 152, 155, 201, 204 466, 469,

Sombreira (fort), 276.

Sond (de), 265.

Songoldjong, 213.

Soolmans (l.), 12, 163.

Soping 352, 559.

Sora (krang). 295.

Sothia, 26, 226, 252, 2358, 269, 443.
.    (baai), 448.

Soury (J.), 165.

Souwanko, 464.

Spanjaarden, 126, 251, 3543.

Speelman (C.), 1, 7, 11, 17, 354, 536 58,
40, 48, 49, 52, 53, 6671, 76 -80,
86, 87, 8995, 97, 98, 100, 105,
109112, 116, 122, 136, 137, 159,
144 -149, 151, 161, 162, 165167,
171, 175, 185, 184, 186, 187, 189
192, 195199, 209-211, 215218,
225229, 251, 252, 236, 238241,
259 263, 266, 267, 269, 270, 274,
276, 279, 280, 282, 289, 290, 294,
295, 298504, 315, 325525, 550
532, 554551, 542-551, 555, 554,
3556, 361566, 568, 569, 571, 584,
388591, 595, 399, 452446, 451,
455, 454.

Spyck (J. van der), 59.

Steendam (P.), 65.

’    (V.), 290.

Storm, (B. van der), 188.

Straat Banka, 7, 56, 67, 4350, 467.
 Madura, 108, 109, 3505, 35356, 4453.
 Soenda, 44, 47, 50, 60, 63, 125,
126, 172, 180, 194, 224, 228, 295, 504,
506, 309, 520, 421, 422, 424, 427, 450

Original from
NEW YORK PUBLIC LIBRARY
