486

110, 154,
167, 172,
254256,
271, 272,
525, 557,
565, 558, 359, 561, 564,
515, 382, 413, 417, 422,
446, 451, 456, 465 467, 469.
Makasar (radja), 198.

159,
186,
240,
276,
559,

145,
187,

147,
205,
241, 255,
286, 295,
545 547,

149,

157,
211
267,

 515,

551,
514,
445,

Makasaren, 7, 8, 19, 55, 58, 40, 41, 45,

67, 69, 70, 72, 87, 91, 109, 110,

155,
167,
237,
271, 275,
306, 5153,
549, 350,
590592,
4713.

Maker (L de), 64.

Makian, 543.

Malabar, 125, 127, 128, 139, 155,
140, 167, 175, 195, 242, 282,
292, 310, 311, 353, 534, 338,
541, 419.

157, 146, 147, 149, 161,
185-187, 198, 209, 211,

280, 281,
525,
551,
408,

53,
558,
409, 4435

Malaka, 1820, 31, 57, 65, 73, 82

87, 88, 96, 105, 104, 118, 119,

114,
165,
212,

258, 240, 260 -262, 264, 267

300,
544,
570,
472,

154,
291,
540,

, 84,

155,

155, 166, 170, 173, 202, 203, 212

215, 219, 221, 229, 254, 278,
284, 289, 510, 515, 320, 550,
558541, 370, 372, 582, 592,
599, 429, 446, 447, 451.

Maleiers, 8, 32, 54, 62, 69, 92, 109,

157,
198,
241,
549,

159,
209,
261,

149,

211,

268,

551, 555,
511, 3584, 588,
457, 472, 475.

Maleio (demang), 5453.

Mambora, 256.

Mamerang, 258.

Mameth Aminchan (nabab), 128.

165,
215,
280,
562,
595,

171, 188,
215, 219,
281, 502,
564, 565,
426, 440,

Digitized by Google

280,
535,
595,

114,
189,
225,
552,
510,
447,

t

REGISTER VAN PERSONEN- EN PLAATS-NAMEN.

Maweth Soflie (Sultan), 221.
Mamoe (daeng), 146.
Mamolt, 135.

Manaer, 105, 155.

' Mandar, 209, 272.

Mandaraka (adipati), 545, 567, 571, 592,

4358, 459, 441, 445.
Mandarpoeton, 265.
Mandarsjah, 245.
Mangapa, 109.
Mangalas (dang), 445.
Mangarad, 55, 57.
Manggai, 354.

Mango Nonan (toemenggueng). 567, 591.

Mangsoer (orang-kaja), 49, 186, 446.
Manikabers. 213, 219.
Manila, 1l, 75,
178,
Manimba (daeng), 198.
Manteau (C.), 447, 451.
Mantoete, 3547, 355.
Mapa Oesoeng, 271, 272.
Marchal (R.), 169, 176, 218.
Marchant (S.), 199, 217.
Marchier (G. B.), 550, 356.
Mardaraka (adipati), 591.

Mardykers, 11, 20, 24, 29, 55, 35, 56,

1,
206,
596, 597, 458, 464, 471.
Marengare, 415.
Margamati, 49.
Marma kati, 116.
Maroenda (rivier), 270.
Maros, 238, 551, 3558.
Maroy (J.), 258.
Marta Baia (aria), 275.

59, 62, 85, 95, 148, 158,

, Marta Dipa (loerah), 292, 544, 455.
Marta Joeda (kiahi ngabehi), 426.

'

Martalaia (adipati) 302, 367, 371, 3591,

4354, 455. 458440).
     (aria), 241, 545.
Marta Mangala, 425.

Original from
NEW YORK PUBLIC LIBRARY

17, 88, 95, 152, 168,
191, 221, 244, 520, 542, 582.

209, 286, 565, 575, 582, 584.
