482                REGISTER VAN PERSONEN- EN PLAATS-NAMEN.

Holland, 161.

Hollanders, 241, 292, 521, 3528, 598,
448450, 471.

Holsum (J. C. van), 264.

Hoorn, 42, 43, 61, 95, 309, 311, 315,

Hop (H.), 216, 268, 547.
Hosigkong Sinong, 124, 125.
Hosten (A. van), 12, 170.
Hottentotten, 28, 294.
Hougly, 10, 51, 99, 102, 180.

399, 405, 429.               Hugo (H.), 80, 413, 452.

.   (G. van), 64.                 Hurt (A), 54, 164, 173, 256, 257, 280,

.   (J. van), 60, 65, 64.                288, 289, 295, 541, 542, 561, 445.

 (P. van), 65, 168, 192, 555.     Hurt (M.), 17, 21, 182, 307, 319.

 (P. R. van), 271.              Huysman (J.), 582.

.   (P. van den), 64.                .    (M.), 411.

TI.

Inarmarka (nachoda), 221, 224, 265.     Indrapoera (sultan van), 507.
Indapella, 527.                      Inggampol (kiai), 527.
Indianen, 370.                      Inggawanga (adipati), 563, 367, 371.
Indig, 522.                        Ingen (M. van), 188.

Inko Rassa, 265.
Intjeh-Pragi 50, 51, 55, 415, 467, 470.
Ispahan 135.

Iswan, 321.

Ilam, 255, 286.

Indragiri, 96, 97, 229, 595.

Indramajoe, 55, 118, 119, 201, 246, 248,
283, 284, 316, 355, 574, 408, 413,
417, 467, 469.

Indrapoera, 105.

J-

Jacobsen (J.), 286.                  280, 501, 3524, 541, 404, 428, 429,

Jafnapatnam, 16, 135, 224, 521, 585,   458.
3586, 411.                        Japanners, 45, 429.
Jager (H. de), 395, 396.              Japara, 7, 15, 17, 19, 29, 50, 32, 534 37,
Jago (S'. eiland), 8, 294, 304, 553.        40, 44, 49, 62, 55, 56, 57, 6669,
Jakatra, 33, 121, 150, 1b1, 160, 252,    71, 7678, 81, 85, 86- 93, 97, 100,
286, 287, 317, 525, 355, 561,   105, 106, 108, 110112, 156, 1357,
566, 373, 577, 580, 420, 457,   145 148, 152, 155, 1567, 166, 167,
   472.                 171, 177, 185, 186, 188, 191, 192,
   (schans), 59, 85, 207.   195197, 199, 209211, 215217,
Jang Pati (maas aria), 187, 442.   2256239, 251-256, 238-242, 245,
Jansen (C.), 167.                    246, 248, 259265, 266, 268, 270,
.   (G.), 65.   2735276, 280282, 289, 290, 294,

. (J.), 44, 45, 47, B1,65,157,464. 299, 501-305, 315, 315, 325, 525,
 (0), 155.                    330-3552, 3343537, 541548, 550,
Japan, 5, 17, 19, 24, 41,42, 45,78,117, 565, 556, 359, 361, 362, 364368,
152, 166, 172, 176, 200, 216, 250,  370375, 3516, 384, 588395, 399,

On                                        Original from
Digitized by Google                   NEW YORK PUBLIC LIBRARY
