ES er Nn Bin a WR EN OV

478                 REGISTER VAN PERSONEN- EN PLAATS-NAMEN.

Breen, 88.                          1
 (A. van), 225.
, (G. van), 18, 24, 26, 27, 101,
123, 193.

Bremen, 250.

Bremer (A.), 188.

Brest, 230.

Brevinck (A.), 5, 94, 172, 176, 428.

Bringintoesoe, 527.

Brouwer (H.), 65.

Brugge, 29.

Brummer (J.), 7476.

Brussel, 223, 249.

Bruynzeel (P.), 464.

Bucquoy (J. de), 105, 371, 412.

Burgh (P. van der), 139, 148, 151, 161,
166, 251, 280, 3501.

Buytenhem (W. van), 106, 107, 337.

C.

Cabrael (A.), 100.

Caeff (W.), 1, 3, 7, 11, 17-21, 24, 29,
40, 41, 44, 4b, 47, bO, 52, 72, 75,
78, 88, 95, 105, 122, 125, 140, 142
144, 147, 148, 168170, 172, 175,
177, 180, 190, 191, 195, 214, 220,
223, 224, 254, 265, 288, 292, 294,
304, 308, 509, 525, 550, 5355, 558,
559, 397, 398, 447, 454, 455,

Caesar (M.), 12.

Camerick, 330, 333.

Camphuys (J.), 24, 40, 66, 129, 256,
326, 404, 422, 437, 457, 465.

Candia, 233, 412.

Canginjon, 445.

Canton, 6, 135, 14, 17, 26, 59, 47, 88,
101, 248, 428, 4b1.

Carpentier (Mr. J.), 168.

Caslarius (J.), 222.

Caspers (Hans), 102, 133, 280.

Cassel (J. van), 205.

Cassumszoon (M.), 212.

Caulier (J.), 98, 100, 103, 150, 180, 258,
292, 318, 520, 524, 540, 586, 595.

Cauw (juffrouw), 157.

Cauwelfoets (A), 264.

Geilon, 15, 16, 27, 48, 100, 125, 126,
132, 133, 141, 175, 178, 195, 221,
224, 225, 230, 235, 534, 242, 279,
289, 291, 292, 508, 520, 555, 558,
340, 541, 585, 386, 595, 411, 412, 461.

Digitized by Google

Celebes, 555, 360.

Ceram, 162, 244, 256, 305.
 (kiejil), 237.

Chaestachan (nabab), 99, 133,194,212, 396.

Chanchanna (nabab), 264.

Chenda Ludama Rasa, 129.

Cheribon, 1, 7, 17, 22, 2931, 54, 56,
40, 49, 55, bb, 67, 66, 68, 81, 85,
118, 119, 161, 154, 177, 202, 205,
221, 224, 245, 247, 265, 276, 281,
282, 284, 292, 294, 295, 300, 501,
505, 504, 314, 325, 337, 552, 559,
544, 545, 548, 362, 365, 374, 375,
584, 598, 409, 413, 417, 434436,
458, 459, 441, 455, 466, 469, 472,

Cheribonners, 269, 300, 3501, 544, 345,
549, 362, 458.

Chetchian, 429.

Chimannis, 353.

Chinchioe, 18, 27, 153, 155, 202, 204, 451.

China, 46, 15, 18, 23, 95, 101, 125,
144, 155, 195, 194, 222, 24 259,
510, 428, 429, 451.

Chineezen, 14, 20, 26, 52, 47, 48, 62,
88, 101, 102, 124, 142, 146, 148,
167, 170, 177, 195, 229, 344, 562,
564, 365, 570, 419, 455, 447, 448,
463, 470.

Chinkin, 449.

Chitlieu. 448.

Choestachan (nabab), 421.

Original from
NEW YORK PUBLIC LIBRARY

