476               REGISTER VAN PERSONEN- EN PLAATS-NAMEN.

322, 3358, 399401, 404406, 425,  Arosbaia, 108, 165, 187, 210, 225, 226,

451, 458461.                   229, 251, 252, 258, 246, 442, 445.
Amsterdam (bastion), 151.             Arrakan, 127-129, 141, 218, 234,
 (sultan), 50, 94, 164, 235, 342, 248, 272, 2285, 324, 330,
256, 269, 542, 553.          548, 575.
.     (prins), 242, 244, 353.      Arsa Dipa (kiai), 585.
Anggadipa (toemenggoeng), 459.          , Naia, 585.
Anggajoeda, 445.                    Assem (prins), 588, 421.
Anggakasoema, 270.                  Assencion, 251.
Anggasoeda, 227.                    Asselchan, 99, 194.
Angke (rivier), 4, 12, 463, 464, 472.    Astra Joeda, 228, 300.
Anjer, 65, 421.              Atjeh, 56, 120, 155, 170, 195, 320,
Antjol (rivier) 270, 464.                  447, 457.
Anunchan (hertog), 127.               Atlakahan, 253.
Arompoan, 258.                       p    Korle, 153.
B.
Babian, 314, 315, 374, 315, 415, Bandjar, 67, 83, 201, 246, 248, 282, 284,
468.             375, 575, 585, 415, 417, 467, 469.

Bacherus (J.), 99, 155.   .    -anjar, 212, 442.
Backer (A), 295.                   Bandjermasin, 108, 135, 584, 585. 426.
Bacx (J.), 23, 28, 42, 46, 61, 128, 173, ( Bantam, 1, 3, 6, 7, 8, 11, 1722, 24,

276, 294, 296, 298, 306, 308, 315,         29, 30. 32, 3b, 58, 40, 41, 44,
323, 404, 423, 460, 461.      45, 47, 48, 5052, 55, 57,
Badjoesaman, 244.        65, 72, 73, 77, 78, 81, 85, 88,
Bagelen, 305, 323, 3531.                      95, 96, 98, 99, 102, 107, 118,
Bageleners, 439, 441.        120, 122, 125, 126, 140, 142
Bairan, 469.       144, 147149, 152, 155, 157,
Bal (J. J.), 37.                             161, 168170, 175180, 185,
Balangnipa, 559.                         188, 190, 191, 195195, 197,
Bali, 56, 83, 121, 202, 257, 268, 282,         202, 204, 205, 214, 218, 220,
375, 467.                              221, 225, 224, 272, 285, 284,
Balineezen, 355, 62, 92, 209, 241, 261,         288, 293, 295, 304, 308, 509,
565, 370, 384, 388, 5953, 594, 408,         314, 325-327, 3529, 355, 358,
409, 458, 472, 473.                       348, 355, 362, 374, 575, 584,
Baloesoe, 351.                              395, 397, 3598, 408, 414, 417,
Banda, 15, 17, 49, 50, 5254, 66, 853,         431, 427, 454, 441, 4435, 445,

87, 162, 256, 295, 505, 525,        647, 454, 467, 469.
524, 550, 345, 347, 355, 376,     ’    (maas), 558, 456.
417, 422, 4350, 451, 454, 447,     .    -mers, 11, 36, 70, 72, 97, 105,

451, 452, 470.                 144, 149, 162, 195, 210, 215, 239,
 Joeda (kiaria), 426.            262, 269, 270, 276, 295, 301, 502,
Bandara (datoe), 595.                304, 326, 339, 344, 345, 348, 361,

Original from

Digitized by Google                            NEW YORK PUBLIC LIBRARY
