REGISTER VAN PERSONEN- EN PLAATS-NAMEN.

Bali, 42, 50, 64, 109, 152, 147, 162,
165. 1835, 205, 284, 314, 332, 31,

577, 596, 419, 457, 462.
Balinezen, 111, 227.
Balon (M.), 259.

Banda, 35, 19, 26, 52, 55, 59, 107, 120,

159, 161, 175, 176, 195, 256, 251,
255, 545, 577, 596, 411, 419, 429,
457, 459, 445, 450, 476, 490, 495,
494,

Bandanezen. 126, 3575.

Bandjar, 108, 1553, 164, 185, 204, 552,
301, 577, 597, 457, 462, 495.

Bandjermasin, 21, 89, 105, 110, 152,
207, 252, 578, 458, 464, 469, 497.

Bangaui, 96, 97, 488,

Bangkala, 45, 482.

Banka, 9, 69, 83, 106, 107, 118120,
155 158, 200, 201, 205, 255, 282.

Bankes (N.), 258.

Bantam, 1, 2, 6, 9, 1921, 25, 50, 51,
354, 356, 359, 41, 42, 47, 48, 51, 55,

58, 59, 65, 65, 69, 75, 82, 87, 88,
91, 100, 102, 105, 107, 108, 110,
116, 117, 121, 129, 151, 155, 140,
141, 145, 145, 148, 151155, 160
165, 169, 174, 175, 185, 185, 189,
196, 198, 199, 202, 204, 206, 214,

216-218, 225, 224, 226, 229, 251
253, 256258, 245, 245, 248, 250
2       2

710 2735, 280282,

284, 286, 502504, 507, 510512,
326, 3528, 529, Fl, 553, 537, 508,
541, 544, 3548, 550, 555, 576, 578,
3585, 595, 409, 410, 412, 418, 420,
425, 426, 456, 459, 447, 459. 461,
467, 471, 474, 475, 479, 491, 492,
496.

Baras, 176.

Barombong, 44.

Bata-bata, 159.

Batang, 152, 146, 166, 206, 552, 551,

596, 419, 420, 462.

Digitized by Gor  gle

501

Batjan, 6, 44.

Batoekeka, 482.

Bawean, 118, 130, 151, 155.

Becker (J.). 241.

Beeck (D. van der), 111, 211,
 (HL.  ), 87, 95.

Been (A. ), 559.

Beest, 226, 241.

Bele (aroe), 482.

Bengalen, 8, 25, 80, 98, 99, 106108,

174,

516,

111, 124, 125, 142, 145, 155,

181, 182, 187, 188, 190, 217, 257,
245, 249, 50, 516, 542, 555, 565,
373--575, 580, 591, 452456, 441,

459, 465, 467, 498.
Bengkalis, 21, 55, 244, 266, 267.
Bernardus (F.), 229.
Besei (krang), 481, 484.
Bevel (P.), 268.

Biliton, 85. 106, 118, 147, 155157,
166, 201, 282, 515, 558, 541, 351.
Bima, 4244, 53, 121, 129, 161, 185,
245, 565568, 570, 571, 426, 457,

445, 409, 497.
Bingam, 476.
Bintang, 52.

Birei (krang), 468.
Bitter (de), 104.
Blauw (J.), 268.

Bodong, 552, 354, 3596, 418, 457, 461,
496, 497.

Boeang, 164.

Boedoeng, 90.

Boeginezen, 45, 44, 58, 105, 150, 176,
191, 274, 555, 569.

Boelang, 405.

Boelekomba, 482.

Boeleleng, 50.

Boeloe, 97.
 -boeloe, 43.

' Boeroe, 485.

Boeton, 20, 21, 26, 56, 45, 44, 96,

109, 132, 148, 166, 184, 185, 206,
Original from

UNIVERSITY OF WISCONSIN
