514

Soekadana, 427, 441, 495,

Soe-Ko, 229.

Soela-eilanden, 45.

Soembar, 64, 164, 184, 205, 282, 551,
554, 551, 552, 3577, 378, 596, 598,
418, 436, 495, 497.

Soembawa. 184, 185, 252, 267, 546, 566.

Soemenep, 109, 146, 165, 185, 205, 245,
419.

Soemoer, 64, 152, 457.

Soengei-lerap, 279.

Soerabaija, 90, 91, 108, 152, 146, 164,
166, 184, 205, 255, 245, 267, 282,
284, 515, 552, 351, 355, 576, 578, 596,
598, 418, 420, 456, 458, 461, 465, 497.

Soera Negara (kiai demang), 71, 72, 74,
151, 400, 405, 406.

Soerate, 56, 127, 128, 154, 150,
170, 172, 174, 189, 190, 211,
510, 511, 528, 557, 574, 414,
455, 456, 442, 448, 456.

Soeria di Wangsa (kiai aria), 410.

Soesoehoenan, 8, 52, 45, 88, 104, 121,
129, 156, 157, 159141, 145, 144,
151, 155, 159161, 176, 189, 191
195, 197, 223, 242, 275, 504, 507,

154,
275,
415,

525, 557, 558, 561, 562, 575, 585,
584, 588, 595595, 406, 408 414,
417, 428 450, 445, 445, 446, 460,
467, 471.
Soeta Naga (kentol), 541, 357, 561, 562,
575, 588, 595, 595, 400, 408, 409,
411, 414, 417, 424, 429, 451, 44b,
446, 486, 487.
 Praja (kentol), 541.
Solok, 3510, 311, 3521, 547, 457.
Solor, 7, 42, 97, 108, 177, 178, 551,
568, 457, 462, 487, 495.

REGISTER VAN PERSONEN- EN PLAATS-NAMEN.

Soma (fort), 566, 371.

Somar, 148.

Sonneman (J.), 53.

Sopeng, 45, 44, 275, 3544, 482.

Soury (J.), 5, 72, 401.

Spanje, 49, 58, 60, 152, 258, 259, 265.

Spanjaarden, 257.

Speelman, (C.), 19, 26, 42, 44, 45, 76,
77, 82, 95, 96, 97, 99, 101, 105
105, 120, 159, 144, 150, 172, 176,
181, 191, 195, 199, 257, 245, 249,
272, 274, 281, 286, 504, 310, 518
320, 522, 5253, 331, 344, 546, 564,
565, 572, 585, 585, 586, 588, 417,
424, 431, 434, 443, 445, 468, 475,
476, 480487, 489.

Spyck (J. van der), 209,

Stadtlander (J.), 553, 540.

Stappel (J.), 515.

Steenacker, 516.

Steenhoff (B), 117, 423,

Sterckenburgh (J. van),
558, 560.

Straat Soenda, 8, 26, 30, 59, 74,
102, 108, 115, 120, 122,
152, 153, 169, 175, 189,
212, 229, 242, 281, 505,
525, 326, 541, 343, 347, 348, 350,
556, 559, 560, 571, 582, 383, 410,
426, 428, 447, 455, 456, 460, 479, 491.

Straeten (D. van der), 78, 79, 120.

Struys (A), 54, 41, 87, 94, 95, 175,
530, 559, 540, 556, 406, 455, 493.

Sumatra's Westkust, 31, 55, 359, 47, 73,
74, 85, 94, 98, 104, 116, 1350, 158,
162, 175, 196, 242, 252, 266, 276,
501, 502, 304, 505, 312, 362, 589,
592, 406, 407, 428, 4355, 456, 470.

507.

470.
106, 125, 157,
75, 98, 99,
124, 145,
198, 202,
3508, 510,

EE:

Taboekan, 321.
Tadoenang, 22, 109, 153, 184, 205, 206,

di,

Google

252, 266, 284, 358, 596, 397, 411,
425, 431, 457, 461, 497.

