REGISTER VAN PERSONEN. EN PLAATS-NAMEN,               505

3555, 351, 553, 576, 578, 595, 595
597, 411, 419, 420, 457, 458, 460,
465, 476, 477, 495, 497.

Chiampa, 107, 129.

China, 2, 5, 9, 12, 14, 23, 59, 41, 124,
204, 542, 556.

Chinezen, 1, 5, 47, 121, 196-199, 202,
204, 207, 216, 254, 256, 257, 280,
291, 295, 299, 310, 312, 411, 444,
447, 455, 495.

Cleston, 258.

Clewerck (J.), 424.

Cloot (J.), 582, 585.

Cnol (P.), 125, 560.

Cocq (P.), 95.

Coley (P.), 95.

Colle (P.), 3, 539.

Columma (F.), 260, 262265.

Commersz (M.), 105.

Coocker (P.), 287, 299, 500.

Coolmans (J.), 258.

Cops (J), 107, 120, 139, 161, 175, 176,
526, 541, 427.

Corte Reael de Sampajo (M. de), 574.

Cos, 98.

Costa (A. da), 284.
 (P. da), 549.

Couper (J.), 151, 155, 160162, 172,
175, 176, 187, 191, 558, 541, 415,
451, 447, 491.

Crabal (A), 549.

Cracouw (G.), 540.

Craen, 98.

Cruys (H.), 80.

DD.

Dacres (H.), 479, 492.

Dam (J. van), 238.

Dampelas, 45.

Damsburg, 219.

Dangere (D.), 258.

Danseyro (D.), 159.

Dansser (P. de), 495.

Dassen-eiland, 479.

Deenen, 105, 117, 475, 491.

Delfresio (F. G.), 257259.

Delft, 27, 115, 125, 173, 174, 212, 214,
215, 220, 224, 248, 545, 555, 382,
428, 451.

Demak, 21, 56, 45, 64, 88, 91, 99, 109,
110, 151, 146, 148, 159, 164, 166,
176, 183, 185, 192, 195, 197, 199,
205, 206, 229, 2355, 245, 267, 282,
284, 504, 515, 515, 526, 552, 354,
558, 541, 550, 576, 578, 582, 595,
598, 400, 409, 411, 414, 417, 419,
420, 451, 457, 458, 445, 461, 464,
486, 487, 490, 495, 497.

Dempo (radja), 569.

Digitized by GO   gle

Denemarken, 219, 475, 491.

Dentus (J.), 219.

Deutjens (J.), 148.

Dias (N.), 548.

Diestpoort te Batavia, 24, 58, 54, 66, 67, 92,
111, 112, 155, 149, 168, 186, 208,
254, 246, 269, 284, 285, 3517, 556,
354, 359, 581, 599, 422, 459 441,
466, 499.

 Diringo, 109, 110, 152, 146, 148, 165,

184, 185, 205, 252, 552, 577, 596,
418, 420, 459, 461, 464, 497.
Dinckels (J.), 258, 559.
Djambi, 16, 17, 41, 42, 52, 58, 61, 64,
65, 68, 69, 72, 82, 84, 98, 105,
109, 126, 151, 155, 157, 151,
152, 160, 161, 179, 180, 182,
221225, 227, 228, 251, 257,
258, 266, 272, 275, 282, 509,
3515, 529, 352, 554, 558, 541,
3572, 574, 578, 385, 400 405,
452, 454, 454, 455, 475, 492, 495.
p    -nezen, 405, 405.

Original from

UNIVERSITY OF WISCONSIN
