REGISTER VAN PERSONEN- EN PLAATS-NAMEN.              509

Majodsche eilanden, 75.

Makasar,   5, 6-9, 19,     26,
2952, 56, 4244, 46, 47, 49, 55,
56, 58, 65, 66, 69, 75, 76, 79, 82,
85, 95, 94, 96-99, 101 -105, ALL,
115, 120, 121, 129, 159, 140, 145,
144, 146, 150155, 160, 172, 175,
175178, 181, 190, 191, 194 196,
198, 199, 202, 229, 252, 255, 242
244, 248, 249, SBAT A0, 281,285,

21, 25,

G
es

286, 504, 510, 512, 518-525, 3526,
531, 552, 558, 540, 541, 544, 546,
550, 551, 558, 562564, 566 573,
577, 578, 582, 585, 585, 388590,
595, 596, 597, 410, 412, 417, 419,
421, 425426, 450, 451, 454, 458,
445, 445448, 462464, 468, 469,
475, 476, 480482, 484, 456 490,
495, 497.

Makasaren, 19, 20, 42, 45, 198, 271
275, 322, 371, 414, 485.

Malabar, 57, 170, 414. 415, 436.

Malaka  4, 5, 17, 18, 23, 50, 35, 54,
55, 65, 69, 80, 89, 98100, 105

107, 110,

144,

III, 124126, 154,
145, 151, 160, 161,
174, 181, 187190,
211,     229,
255, 255, 266,
508,

51,

158,

"Maldiven, 145, 166, 207.
Maleiers, 280, 3562, 481.

Mamoet (dang), 480.
p   (karre), 468, 481,
488.
Manaba (dang), 482.
Manase (galerang), 468, 4591, 484.

Mandarsjah, 7679, 95, 96, 97, 519,

Digitized by Gor gle

 Mandhar,

 Manuels (D

Mardijkers, 22, 25, 37, 47, 54, 66, ee
112, 118, 126, 154, 149, 167, 20
2535, 245, 268, 284, 517, 535, Se
573, 580, 598, 410, 422, 459, 465,
495, 498.

 Marion, 74.

Maroenda, 516.

Maroepa (dang), 481.

Maros, 150, 191, 310.

Marotto (M. F.), 265.

Martina Vaz (eiland), 548.

 Maslupatnam, 61, 200.

Massis (J.), 444, 477.

 Masulipatnam, 61, 154, 160, 248, 501,
SLI, 407, 408, 452, 455, 456.

Mataram, 8, 32, 45, 117, 121, 129, 150,
156, 157, 159-141, 145, 144, 151,
155. 157, 159, 161, 172, 189, 191,
195, 194, 197, 199, 272, 275, 507,
558, 541, 544, 3557, SS, 561, 562,
575, 583, 588, 406, 409, 410, 412,
415, 428, 446, 460, 467, 471.

Matoe long (dang), 482.

Matthysen (J.), 126.

Original from

486, 487.
Mandave, 152.
Mandeli (krang), 468, 481,
435, 161, 275, 571.

’    (radja), 5658.
Maneter, 225.
Mangarai, 184, 206,
Mangaroe (dang), 482.

Mangiko Noeste (dang), 481.
Mangopo (dang), 481, 482.
Manila, 2, 26, 350, 47-49, 52,

484.

253.

58, 59,

635, 69, 82, 85, 88, II, 95, 100, 110,
155, 217, 255, 257, 265, 265, 285,

510, 578, 482.
Mantsje Louwe, 481.
), 548.
Manuelsz (J. C.), 549.
Marchier (G. B), 9

UNIVERSITY OF WISCONSIN
