REGISTER VAN PERSONEN- EN PLAATS-NAMEN.

506
Housum (J. van), 86, 94.              Hurt (M.), 61, 85, 124, 181, 241, 311,
Hurt (A), 105, 161, 178, 196, 281, 545,    584, 400, 411, 414, 454.
411, 429.                       Huysman (A), 94, 559.
I.
Ilha Brave, 28.                    108, 110, 152, 146, 148, 164, 166,
Imbasadana, 197, 198, 242 526, 541,   185, 185, 205, 207, 251, 253, 244,
558, 451.                   245, 267, 282, 513, 551, 535, 550,
Indragiri, 1, 16-18.                553, 376, 578, 395, 597, 419, 420,
    (rivier van), 405.             457, 459, 460, 465, 495, 497.
Indramajoe, 20, 22, 52, 65, 65, 89, 91,  Indrapoera, 277279.
J
Jacobs-(A.), 349.                   245, 249, 21,. 267, 271, 272, 282,
Jacobsz (F.), 549.                     304, 506, 3507, 310512, 518, 526,
.   (1), 3549.                   532, 554, 358, 3540, 541, 545546,
Jacobsen (H.), 219.               ,     550, 355, 357, 3558, 360-565, 574
Jafnapatnam, 80, 547, 565, 425.       I   3576, 3578, 582, 3585, 385, 588590,

Jakatra (schans), 24, 58, 46, 54, 67, 92,
112, 155, 149, 168, 186, 197, 208,
2354, 246, 269, 285, 517, 556, 554,
581, 598, 599, 422, 440, 466, 499.

Jansz (A.), 549.

 (D), 548.
 (J), 549.
 (L), 349.

 (P.), 5, 26, 281.

Japan, 4, 5, 25, 25, 52, 55, 40, 56, 68,
70, 71, 80, 84, 88, 91, 115, 151, 181,
203, 204, 211, 216, 226, 252, 253,
266, 270, 285, 292, 295, 299, 505,
508, 527, 540, 455, 454.

Japansch veld bij Batavia, 111.

Japara 7, 8, 19, 21, 50, 51, 55, 56, 41,
45, 53, 55, 56, 65, 65, 82, 85, 88,
91, 95, 94, 99, 101105, 107, 108,
110, 116118, 120, 121, 129151,
133, 136142, 144, 146, 147, 150
155, 159165, 172, 175, 175, 176,
185, 185, 187, 190, 191, 195195,

197199, 204, 206, 217, 251, 242

Google

395595,
414, 417,
451, 454,
447, 450,
490, 494.

Java, 242.

Javanen, 20,
92, 111,
198, 208,
285, 512,
599, 409,
442, 445,
499.

Jedo, 205.

Jochemsz (C.), 549.

Jongh (M. de), 120, 177, 181, 519, 564,
585, 406, 408, 412, 413, 424, 425,
429451, 454, 470, 476, 480.

Jonker (kapitein), 476, 480.
 -straal te Batavia, 515.

Josam, 497.

Jolang, 418, 420, 457.

597, 400, 408, 409, 411
419, 420, 425 426, 429
457, 458, 442, 445, 445
460, 465, 468, 476, 487,

22, 24, 58, 45, 47, 54, 66,
155, 149, 168, 186, 192,
227, 255, 254, 246, 269,
517, 558, 581, 595, 598,
410, 422, 425,    440,
445, 446, 466,    492,
