268        .      REGISTER VAN PERSONEN- EN PLAATS-NAMEN.

Janssen (R.), 246.

Janssonius (C.), 240.

Japan, 69, 82, 85, 88, 89, 95, 95, 98,
105, 115, 117, 128, 142, 164, 251,
256, 245.

Japara, 4, 710, 29, 52, 55, 57, 45,
47, 48, 54, 66, 77, 78, 80, 81, 9597,
101, 115, 117, 120, 152, 155, 157,
139141, 145145, 168, 169, 186,
189, 190, 194-196, 208, 226228,
230, 242244, 250.

Java, 49, 5254.

Java major, 172.

Java’s oostkust, 8, 18, 19, 59, 45, 48,
59, 61, 71, 85, 84,87, 116, 129, 150,
228, 250, 255.

Javanen, 55, 40, 42, 45, 49, 6164, 67,
68, 72, 76, 80, 85, 85, 91, 92, 98,
102, 107, 112, 151, 141, 144, 156,
158, 165, 165, 166, 171, 174, 187,
188, 197, 199, 200, 205, 209, 211,
214, 220, 253, 243245, 254, 256,
260, 262.

Jefferie (J.), 172.

Joris (fort S), 54, 75.

Juwedo (T.), 85.

EE.

Kaap de goede hoop, 5, 10, 26, 27, 52,
114, 115, 119, 125125, 156158,
145, 161, 162, 184, 189, 192194,
200, 201, 205, 240, 252, 255, 256,
258.

Kaapland, 202.

Kaaplieden, 145, 146, 162, 192194, 201,
257.

Kambodia, 48, 92, 165, 166, 168, 170,
182.

Kanton, 117, 126, 128.

Kapatoea, 188.

Karonroe (Prins), 81.

Katapa (Kraeng), 228.

Kdah, 4, 88.

Keer (A. van der), 5, 211.

Kendal, 102.

Kettingh (G), 117, 119, 165, 168.

Keyser (J.), 23, 27, 30, 5254, 41, 47,
49, 57, 64, 136, 139, 141, 147 -149,
151, 176.

Ki-ko, 59.

Klingenbergh (P.), 247.

Kloppenburgh (J.), 164.

Knecht, 225.

Koelang, 43.

Koelon (Pangeran), 175.

Koepang, 29, 55, 222, 225.

Koksinga, 47.

Kombara (eil.), 6.

Kombuis (groote), 155.

Kooke (P,), 175.

Koromandel, 41, 54, 64, 69, 73, 74, 82,
86, 105, 106, 117, 160, 168, 169,
172, 176, 177, 184, 185, 188, 215,
252, 241, 245, 246.

Krawang, 12, 22, 25, 47, 71, 76, 87,

89, 90, 101, 165, 171, 189,
201, 243, 250, 251, 255, 258.
    (hoek van), 56, 89.

Krokot (riv.), 62, 85, 112, 1351, 156, 205,

220, 255, 260.

Ju.

Laen (J. van der), 55, 136, 158, 159,  Lamone (J.), 165.
141, 146, 147, 197, 210-212, 232,  Lampong, 7, 24, 55, 64, 72, 92, 99,

256, 259, 241, 242,

Digitized by Google

100, 102, 106, 107, 215.

Original from
NEW YORK PUBLIC LIBRARY
