266               REGISTER VAN PERSONEN- EN PLAATS-NAMEN.

Djaja Troena (Kiai), 155.             Djoeana, 79, 140, 144, 190, 196, 208,
Djambi, 7, 15, 17, 56, 39, 41, 44, 50, 52,    226, 250.
59, 65, 72, 85, 94, 98, 99, 102,  Djohor, 18, 28, 359, 46, 59, 85, 217.
105, 121124, 127, 152155,  Doela Tjitra (Radja), 105.
158, 141, 157, 164, 166, 168170, Doman (tolk), 146, 162, 202.
182, 185, 194, 198, 207, 208, Donck (F. H.), 143.
214, 216, 217, 225-225, 227,  Doublct (G.), 127, 142.
252, 233, 257, 258, 240, 242, , Duifjes-eiland, 42.
248, 258.                    Duizend-eilanden, 212.
 (rivier), 46.

ES.

Edwards (J.), 6, 8, 11, 15, 17, 18, 24, 42,  Engelschen, 5, 7, 8, 15, 24, 42, 65, 72,
45, 52b5, 170, 171, 175, 182, 185,    106, 132, 1535, 157, 158, 140, 141,
185, 187, 188, 191, 197199, 206,    144, 151, 154, 165, 167, 170, 175, 176,
207, 216, 217, 223225, 229, 246,   188, 197, 214, 216, 217, 225--225,
248, 249, 255, 258.                  253, 255, 257, 258.

Elmers (P.), 13, 1186.                 Enten (J.), 256.

Engeland, 10, 11, 16, 24, 42, 50, 5255, Europa, 128, 162.

64, 99, 165, 167, 172, 184, 199, 214, Eva (tolkin), 27, 145, 162, 256, 257.
224, 246, 248, 249, 255, 256, 258.

FE
Faber (C.), 108, 118.                 Fitchet (M.), 51.
Ferdinando (M.), 37.                  Foekir, 229.
Ferment (G.), 118.                  Formosa, 115,'119--121, 145, 258.
.  (J.), 18, 20,65, 77, 85, 112, 151, Frankrijk, 10.
170, 185, 205, 216, 220, 255, 260.       Frisius (.), 118, 180, 254.
Gr.
Gale, 129. Godard (JJ), 241.
Gelria (punt), 164.                  Goens (R. van), 14, 45, 55, 56, 59, 86,
Gerrits (P.), 257, 258.                  128, 129, 134, 177, 213, 252, 240,
Gerstencoorn (J. H), 225.               246.
Gifford (W.), 54.               ll Goeree, 114, 200.
Gilde (A. de), 246.                   Goes (A. van der), 200.
Glaeser (M.), 144.                   Goeti (Chinees), 185.

Goa, 69, 75, 86, 125, 125, 127, 128,  Golconda, 150.
1335, 155, 142, 149, 151, 159, 186,  Gorachouquas, 201.
199, 200, 251.                    Goram, 120.

En                                              Original from
Digitized by Google                            NEW YORK PUBLIC LIBRARY
