REGISTER VAN PERSONEN- EN PLAATS-NAMEN.               581

Japan, 11, 22, 32, 353, 55, 58, 67, 73, - 251, 238, 239, 24l, 242, 244, 246,
79, 81, 88, 95, 100, 117, 120, 121,   248, 251254, 6, 259, 262, 271,
131, 132, 154, 138, 139, 147, 151,  280282, 287, 289, 290, 393, 297,
152, 154, 156, 159, 160, 164, 167, 298, 3519, 524, 3525, 328, 356, 537,
177, 182, 184, 196, 227, 228, 242, 545, 546, 570, 3571.

252, 269, 278, 279, 516, 317, 3534,  Japoan (J.), 267, 268.

34835535, 355, 357, 361, 366. Javanen, 4, 28, 62, 81, 86, 99, 101, 105,
Japaneezen, 116.            1  146, 150, 175, 188, 192, 211, 224,
Japansche veld (het) te Batavia, 176.    253, 258, 260, 281, 290, 301, 3053,

Japara, 4, 17, 2123, 26, 52, 60, 61, 529, 559, 346, 347, 351, 553, 360,
67, 72, 73, 79, 82, 84, 8789, 91,    513, 374.
92, 9597, 100, 101, 105, 104, 106,  Java’s Oostkust, 24.

108, 109, 115, 121, 129, 151, 132, ' Jongh (H. de), 186.

1356, 143, 145, 149, 150, 165-166,    .   (M. de), 8, 75, 114, 198, 199, 216,
168, 169, 171, 174, 175, 185, 188,    225, 242, 515, 528, 362, 565.

197, 206, 209, 212, 219, 225, 229, Jonker (kapitein), 10, 181, 182, 569.

EK.

Kaap de Goede Hoop, 2, 15, 16, 51, 65,  Kandang-Auer, 254, 297.
65, 75, 77, 99, 106, 116, 122, 125, ' Kanton, 144.
129, 151, 153, 155, 137, 140, 159,  Karang-Anjar, 129.
161, 162, 175, 184, 185, 192, 193,  Karimon, 12.
199, 205, 220, 221, 260, 463, 292,  Karinganau, 144.

293, 308, 320, 348, 355.        Karti Sarana, 92.
Kaelor, 127.                      Sedana, 150, 164.
Kaidoepa, 49.                      Katauen, 25, 853, 109, 111, 170.

Keerdekoe (S.), 159.

Kelck (D.), 82, 152.

Kemp (P.), 175.

Kendal, 25, 26, 109, 111, 142, 144, 170,
171, 207, 209, 229, 2350, 256, 297,
538, 371.

Kepper (J.), 117.

Keracrous, 291.

Keyser (L.), 148.

Kiadoepa, 267, 271.

Kimegang, 102.

Klencke (H.), 140.

Klencke (J. van), 87.

Kambodia, 17, 24, 54, 69, 60, 78, 81, Kleyer (A), 140, 169, 161.

162, 163, 209.                  Klinckant (G.), 544, 364.

Kananoor, 107.                   , Koeboe (spruit), 190, 192,

Kai-tsoe, 54, 66, 71, 79, 81, 99, 159,
188, 218, 254.

Kalamata, 41, 43, 44.
 (kitjili), 268.

Kali-Angin, 242.

 -njar, 27, 170, 256, 297, 356, 337,
570, 572.

 -Gangsa, 144,

Kalikoet, 29.

Kali-Sapoe, 82, 110.

 -Woengoe, 3536.

Kalpatin, 107.

Kaluture, 107.

a   en

Original from

Digitized by Google                                 PENN STATE
