REGISTER VAN PERSONEN- EN PLAATS-NAMEN.               665

Ontong Java, 5, 11, 88, 181, 182, 185,
228, 415, 417, 455.

Opdam (A), 500.

Oranje (Prins van), 276.

Oranje (op Ternate), 55, 454456.

 Ougly, zie: Hoegli.

, Outhoorn (HI. van), 205, 208, 498, 558.

Outhoorn (W. van), 58, 59, 76, 91, 124,
148, 161, 210, 248, 266, 267, 558,

 5359, 354. 599, 415, 440, 503, 526,

Osborn (J.), 514, 574, 585, 425, 445,   616, 618, 621, 622.
446, 474, 516.                   Overysel (bastion), 255.
Osseweyer, 64.
P.

Padang, 17, 78, 119, 150, 155, 206, 222,
225, 265, 268, 282, 297, 500, 301,

546, 402, 456, 589.

Padangtikar, 40, 281, 282.

Padbrugge (R.). 55, 454 457, 512.

Padjadjaran, 555.

Padjang, 562.

Padmangara, 172.

Pagaden, 7, 11, 15, 1618, 25, 27, 44,
67, 75, 76, 92, 93, 111, 144, 175,
254, 575, 3576, 417, 450,-452, 459,
445, 447, 465, 464, 476, 480, 481,
507, 522, 527, 528, 556, 557, 558

Pagagadin, zie: Pegaden.

Page, 78.

Pahang, 404.

Pakoran, 497.

Palakka (Radja), 68, 7678, 85, 8790,
113115, 117, 128, 129, 152154,
176, 178, 179, 195, 200202, 204,
209, 210, 242, 272274, 287, 291,
298 3500, 502504, 512517, 521,
3529, 551355
566, 572-575, 584. 585, 587, 595,

419, 421 424, 452, 446, 477, 491

495, 495, 5VI, 514, Bl5, 521, BAl
545, 547, 558, 596, 601.
Palasan (Raden Ngabehi Djoewe), 511.
Palembang, 20, 52, 40, 59, 79, 84, 85,
107, 127, 157, 154, 179, 180, 244,
251, 252, 261, 263, 268, 281, 285,
286, 300, 327, 555, 356, 563, 564,

Digitized by GO   gle

310, 3571, 3576, 578, 579, 585, 586,
388, 590. 426, 427, 429, 458, 459,
471, 472, 477479, 481, 482, 501,
515, 574, 575, 579, 596.

'Paliakate, 159, 205, 208, 299, 500, 555,

400, 498, 559, 554, 558, 564.

(Pamalang, 221, 224, 282, 546, 550, 551,
659, 640.

Pamanockan, 16, 25, 27, 68, 7276,
86, 92, 95, 110, 115, 150, 151, 142,
154, 262, 264, 281, 311, 512, 528,
575, 3575, 597, 416, 459, 486, 507,
508, 659, 640.

 Pamekasan, 509.

Pananggoengan, 495.

Panaraga, 97, 425.

Panaragan, 295.

Panaragan (Krang). 98, 99, 128, 129,
3550, 425, 494, 514, 520, 522, 54l,
542, 544 -546, 558, 601, 602, 656.

Panarajangh, 447.

Panaroeban, 92, 110, 142.

 Panata Joeda (Toemenggoeng), 296, 554,
451, 452, 447, 465, 476, 508, 522,
527, 528, 536, 557, 658, 561, 566,
677, 578, 581, 582, 655, 637.

Pandang (Goesli), 271, 291.

Panembong, 447.

Pangara, 656.

Pangiwa, 557.

Papglima Radja, 55, 150.

Pangoekirang, 168.

Original from
UNIVERSITY OF WISCONSIN
