648

447, 465, 475, 476, 508, 509, 515,
527, 556, 556, 558, 561, 566, 577,

578, 581, 582, 653, 657.

Besselman (J.), 100, 265.

Biana, 340, 494.

Biervelt (J. C.), 564.

Bilandere (F.), 402, 405, 589, 591, 595.

Bilang (Entji), 165, 201, 262.

Biliton, 85, 121, 122, 159, 155, 178,
222, 223, 225, 229, 342.

Bima, 40, 41, 45, 46, 51, 78, 79, 96,
119, 128, 202, 244, 245, 279, 280,
285, 3526, 550, 545, 557, 585, 584,
425, 428, 429, 509, 510, 514, 520,
529, 5350, 555, 555, 541, bbl, 558,
601, 602, 656, 658, 640.

Bimaneezen, 601, 602.

Bimera, 555.

Bisei (Krang), 1, 9, 96, 99, 114, 128,
1354, 178, 204, 240242, 555,
578, 477, 482, 485, 509, 526, 556,
5635, 566, 601, 602, 655657.

Bitter (mr. J.), 419, 509, 579.

Bitter (de), 549.

Bitter (A. de), 558.

Bleek (J.), 147.

Blicklant, 540.

Blitar, 109.

Blom (A), 594.

Blom (D.), 527, 558, 359, 541, 551, 552,
3554, 599, 419, 450, 453, 467, 486,
505, 526, 589.

Blommert (J.), 159.

Boegi’s, 50, 58, 7678, 82, 88, 97, 98,
113, 115, 129, 1354, 136, 159, 148,
1635166, 168, 171, 175, 177179,
194, 195, 200, 201, 204, 210, 227,
229, 270, 274, 289, 290, 296, 298,
299, 502, 505, 507, 512, 515, 515
317, 321, 525, 329, 3513533, 337,
565, 3567, 573, 574, 576, 585, 594,
420, 421, 425425, 452, 442, 446,
485, 492494, 496, 497, 5O2, 509,

Google

REGISTER VAN PERSONEN- EN PLAATS-NAMEN.

526, 5642, 544 546, 558, 562, 585,
657.

Boegis (land), 226, 256.

Boekholt, 298.

Boelan (Entji), 510, 511.

Boelekan (Dang), 285.

Boelekomba (Aroe), 77, 502, 505, 516.

Boeleleng, 271.

Boeloehoeloe, 505.

Boerane (Dang), 128, 129, 655.

Boeri, 602.

Boeroe, 402, 447.

Boerschot (P.), 109, 177, 204.

Boeton, 54, 55, 41, 458, 456, 465, 466,
415, 512, 547, 548, 550, 5b1, 595,
594.

Boeyer (F.), 146.

Bogaerdt (mr. A.), 154, 155, 299, 502,
419, 442, 447, 464, 525527, 558,
565, 571, 605.

Bolek (D. van den), 76, 440, 567, 571.

Bollan (H. de), 594.

Bolswart (J.), 256.

Bombay, 25, 461, 610.

Bonay, zie: Bongaja.

Bone, 68, 89, 99, 115, 176, 502, 507.
508, 599, 475.

Bongaja, 315, 578, 422, 596.

Bongsoe Toepan, 570, 571.

Bonsiqua 28, 625, 627, 650, 632, 655.

Bonstoe (P.), 205, 452.

Bontesonge (Krang), 89.

Boompjeseiland, 446.

Boon (J.), 228.

Booy (H.), 9, 11, 12, 56, 68, 69, 178,
179, 240, 476, 572574, 604, 605,
611.

Borgers (A), 451. b4l.

Borgonjons (C.), 256.

Borneo, 95, 141, 190,
541, 477.

Bornezee (E.), 255, 441.

Borry, 264.

249, 297, 555,
