660

Losi, 548.
Louyse (A), 475.
Lughtenburg (M. van), 622, 628.

REGISTER VAN PERSONEN- EN PLAATS-NAMEN.

 Lutgens (J.), 255.
1 Lyra (Don M. de), 72.

ML.

Macao, 7, 9, 11, 57, 84, 189, 190, 205,
225, 265, 285, 555, 544, 547.

Macaroeba, 601, 602.

Macktom (Said), 205.

Macquelyn (J.), 565, 566, 422, 425.

Madagaskar, 500, 501.

Madioen, 97, 109, 194, 295, 522, 494.

Madjapahit, 29, 267, 509.

Madjene, 473.

Madoera, 50, 96, 99, 108, 109, 114, 165,
167, 172, 194, 254, 291, 292, 515,
517, 550, 568, 425, 494, 496, 497,
520, 545.

Madoereezen,
2354, 291,
494, 495,

Madouw, 615.

Madras, 25, 606.

Madraspatnam, 140.

Madrid, 70.

Maetsuyker (J.), 126, 245, 272, 564, 625.

Magalage, 501.

Magali (Dang), 128, 129.

Magimba (Dang), 547, 655, 657.

Majambe (Dang), 422.

Majampa (Dang), 495, 496, 546.

Majoeda, 118, 601.

Maka (Entji), 266.

Makassar, 68, 70, 78, 85, 88, 89, 98, 109,
115, 115, 119, 120, 128, 152-154,
194, 210, 226, 255, 244, 274, 288,
295, 296, 298, 502, 507, 515518,
529, 550, 551, 555
400, 402, 418, 4l
458, 465, 475,
489, 509, 521, 545, 545,
651, 560, 596, GO2

350, 109, 164, 167, 172,
292, 309, 335, 566, 425,
542, 543, 546, 547, 596.

Digitized by GO

Makassaren, 1, 9, 14, 30, 58, 44, 75, 84,
88, 9597, 99, 104, 108, 111, 115,
114, 116, 125, 128, 159, 145, 153,
161, 165, 165, 166, 168, 170175,
178, 179, 195, 201, 204, 215, 215,
227, 229, 254, 2357, 240, 241, 253,
262, 263, 267, 270272, 274, 255,
289, 291, 298, 502, 505507, 511,
513, 515317, 322, 550, 555, 555
5358, 555, 557, 558, 565, 565, 366,
568, 572, 575, 576, 3578, 579, 582,
587, 594, 597, 598, 405, 416, 419,
420424, 427, 429, 450, 452, 459,
442, 445, 446, 454, 458, 471, 472,
479 486, 492, 495, 495497, 499,
505, 507, 509, 512514, 519, 624,
528, 529, b4l547, 558561, 566,
568, 575, 585, 596, 601, 602, 606,
656, 657.

Makjan, 455.

Malabar, 154, 206, 207, 229, 259, 260,
277, 579, 400, 419, 427, 429, 475, 559.

Malaja (Dang), 557.

Malakka, 57, 38, 78, 117, 129, 156, 154,
156, 161, 180, 202, 205, 215, 217,
221, 224, 252, 252, 255, 265, 264,
285, 295, 296, 298, 541, 547, 556,
569, 571, 3572, 417, 426, 428, 429,
451, 454, 4635, 467, 472, 475, 481,
488, 489, 491, 498, 499, 515, 517,
518, 559541, 556, 563, 567, 582,
612, 659.

Malang, 97, 99, 109, 166, 167, 172,
195, 194, 292, 530, 425, 495, 496,
522, 542, 545, 545.

Malari, 551 555.

Malatia (Dang), 240.

Original from
UNIVERSITY OF WISCONSIN
