476

522, 5358, 399401, 404406, 425,
451, 458461.
Amsterdam (bastion), 151.
.   (sultan), 5O, 94, 164, 255,
256, 269, 542, 553.

.    (prins), 242, 244, 353.
Anggadipa (toemenggoeng), 459.
Anggajoeda, 445.

Anggakasoema, 270.

Anggasoeda, 227.

Angk (rivier), 4, 12, 465, 464, 472.
Anjer, 65, 421.

Antjol (rivier) 270, 464.

Anunchan (hertog), 127.

Arompoan, 258.

REGISTER VAN PERSONEN- EN PLAATS-NAMEN.

Arosbaia, 108, 165, 187, 210, 225, 226,
229, 251, 252, 238, 246, 442, 443.
Arrakan, 127129, 141, 218, 234,
242, 248, 272, 285, 524, 530,
548, 575.
Arsa Dipa (kiai), 585.
 Naia, 3585.
Assem (prins), 588, 421.
Assencion, 231,
Asselchan, 99, 194.
Astra Joeda, 228, 300.
Atjeh, 56, 120, 155,
447, 457.
Attakahan, 255.
’    Korle, 1553.

170, 195, 520,

B.

Babian, 514, 315, 3574, 375, 415
468,

Bacherus (J.), 99, 155.

Backer (A), 295.

Bacx (J.), 23, 28, 42, 46, 61, 128, 173,
276, 294, 296, 298, 306, 508, 315,

523, 404, 425, 460, 461.
Badjoesaman, 244.
Bagelen, 505, 523, 331.
Bageleners, 439, 441.
Bairan, 469.

Bal (J. J.), 57.

Balangnipa, 559.

Bali, 56, 835, 121, 202,
375, 467.

Balineezen, 55, 62, 92,
565, 570, 584, 588,
409, 458, 472, 475.

Baloesoe, 551.

Banda, 15, 17, 49, 50, 52b4, 66, 85,

87, 162, 256, 295, 505, 525,
324, 550, 345, 547, 555, 576,
417, 422, 450, 451, 454, 447,
451, 452, 470.

    Joeda (kiaria), 426.

Bandara (datoe), 595.

257, 268, 282,

209,
595,

241, 261,
594, 408,

Google

 Bandjar, 57, 85, 201, 246, 248, 282, 284,

575, 575, 585, 415, 417, 467, 469.
.    -anjar, 212, 442.
Bandjermasin, 108, 135, 584, 585. 426.
Bantam, 1, 3, 5, 7, 8, 11, 1722, 24,
29, 50. 32, 35, 58, 40, 41, 44,
45, 47, 48, 5O52, 55, 57,
65, 72, 75, 77, 78, 81, 85, 88,
95, 96, 98, 99, 102, 107, 118,
120, 122, 125, 126, 140, 142
144, 147 149, 152, 155, 157,
161, 168170, 175 180, 185,
188, 190, 191, 195195, 197,
202, 204, 205, 214, 218, 220,
221, 235, 224, 272, 285, 284,
288, 2935, 295, 3504, 5   509,
514, 325327, 529,     558,
548, 355, 3562, 3574,     584,
595,                 417,

3597, 598, 408,

421, 427, 454, 4l,     445,
447, 454, 467, 469.
    (maas), 558, 456.

.    -mers, 11, 36, 70, 72, 97, 105,
144, 149, 162, 195, 210, 215, 259,
262, 269, 270, 276, 295, 501, 502,
304, 326, 539, 344, 54b, 548, 561,
