418

Breen, 88.
 (A. van), 225,
 (G. van), 18, 24, 26, 27, 101,
123, 195.
Bremen, 250.
Bremer (A), 188.
Brest, 250.
Brevinck (A.), 5, 94, 172, 176, 428.
Bringintoesoe, 527.

REGISTER VAN PERSONEN- EN PLAATS-NAMEN.

Brouwer (H.), 65.

Brugge, 29.

Brummer (J.), 7476.

Brussel, 225, 249.

Bruynzeel (P.), 464.

Bucquoy (J. de), 105, 3571, 412.

Burgh (P. van der), 159, 148, 151, 161,
166, 251, 280, 501.

Buytenhem (W. van), 106, 107, 3557.

C-.

Cabrael (A), 100.

Caell (W.), 1, 3, 7, 11, 17-21, 24, 29,
40, 41, 44, 45, 47, 50, 52, 72, 75,
78, 88, 95, 105, 122, 125, 140, 142
144, 147, 148, 168170, 172, 175,
177, 180, 190, 191, 195, 214, 220,
225, 224, 254, 263, 288, 292, 294,
304, 308, 509, 525, 530, 555, 558,
559, 597, 598, 447, 4b4, 455,

Caesar (M.), 12.

Camerick, 550, 555.

Camphuys (J.), 24, 40, 66, 129, 256,
526, 404, 422, 427, 457, 465.

Candia, 235, 412.

Canginjon, 445.

Canton, 6, 13, 14, 17, 26, 58, 47, 88,
101, 248, 428, 41.

Carpentier (Mr. J.), 168.

Caslarius (J.), 222.

Caspers (Hans), 102, 155, 280.

Cassel (J. van), 205.

Cassumszoon (M.), 212.

Caulier (J.), 98, 100, 105, 150, 180, 258,
292, 518, 520, 524, 540, 586, 595,

Cauw (juffrouw), 157.

Cauwelfvets (A.), 264.

Geilon, 15, 16, 27, 48, 100,
132, 155, 141, 175, 178, 195, 2
224, 225, 230, 253, 554, 242, 2
289, 291, 292, 508, 520, 555, 5
340, 541, 585, 586, 595, 411, 412, 461.

125,

Digitized by GO   gle

Celebes, 555, 360.

Ceram, 162, 244, 256, 505.
   (kitjil), 257.

Chaestachan (nabab), 99,152,194,212, 596.

Chanchanna (nabab), 264.

Chenda Ludama Rasa, 129.

Cheribon, 1, 7, 17, 22, 2931, 54, 36,
40, 49, 55, 55, 57, 66, 68, 81, 85,
118, 119, 151, 154, 177, 202, 205,
221, 224, 245, 247, 265, 276, 281,
282, 284, 292, 294, 295, 300, 501,
505, 504, 514, 525, 527, 552, 359,
544, 3545, 548, 562, 565, 574, 375,
584, 598, 409, 415, 417, 434456,
458, 459, 441, 455, 466, 469, 472,

Cheribonners, 269, 500, 501, 544, 545,
549, 362, 458.

Chetchian, 429.

Chimannis, 355.

Chinchioe, 18, 27, 153, 155, 202, 204, 451.

China, 46, 15, 18, 25, 95, 101, 125,
144, 155, 195, 194, 222, 242, 259,
510, 428, 429, 451.

Chincezen, 14, 20, 26, 352, 47, 48, 62,
88, 101, 102, 124, 142, 146, 148,
157, 170, 177, 195, 229, 544, 562,
564, 565, 570, 419, 455, 447, 448,
4635, 470.

Chinkin, 449.

Chitlieu. 448.

Choestachan (nabab), 421.

Original from

UNIVERSITY OF WISCONSIN
