REGISTER VAN PERSONEN- EN PLAATS-NAMEN.                569

C.

Caeff (W.), 6, 8, 12, 1416, 2527, 49,
67, 68, 80, 85, 86, 9295, 105, 116,
120, 123, 154, 149, 157, 162, 173,

  232, 254, 255, 290, 292, 325, 527,
555, 557.
 China, 15, 68, 76, 85, 95, 103, 121,

184, 185, 196, 198, 200, 227, 247- 249,   145, 162, 157, 158, 173, 177, 554, 356.

251, 257, 259, 266, 282, 283, 286, ' Chineezen, 12, 15, 5O, 82, 96, 121, 157,

299, 305, 317, 535, 342, 346, 554. 156, 249, 282, 338, 352, 368.
Caesar (M.), 66, 121, 128, 172, 535 Chinsjioe, 121, 157.

537.                           Claessen (B), 17, 153.

Camme (J. van der), 242. Clant (J.), 60, 137, 222, 286.

Camphuys (J.), 128, 169, 170.         Cochin-china, 545.

Caron (F.), 216.                     Concordia (kasteel), 186, 207, 210, 504.
Caulier (J.), 7, 277, 2835, 297.          Cops (J.), 1355, 250.

Ceilon, 6, 9, 25, 27, 28,        (W. van), 19, 28, 72, 185, 211,

69, 84, 85, 106, 115, 128, 147, 148, 215, 224, 248, 264, 265.

153, 187, 189, 196, 197, 215, 228,       (G.), 28, 29, 164, 166, 167, 182,

247, 276, 277, 280, 281, 285,      269, 276.

294, 298, 317, 531, 536, 544, 34b,  Coulster (J. van), 96.

552, 360.                   Couper (J.), 107110, 116, 117, 137,
Celebes, 22, 29, 50.                  158, 149, 150, 160, 161, 165, 169,
Ceracroux (A.), 105.                 183, 185, 187, 190, 197, 211, 214,
Ceram, 51, 249.                    2235, 229, 242, 247, 250, 252, 258,
Ceram-laut, 5.                    260, 262, 279, 285, 289, 296, 299,
Charleroy, 125, 124.                   3503, 323, 350.

Chatip (intj), 60.                    Couwenburg, 351.
Cheribon, 62, 54, 75, 77, 97, 98, 111, ' Coyet (F.), 249.
113, 159, 141, 175, 178, 202, 203,  Cracouw (G.), 163.

DD.

Deli, 52, 25.

Demak, 52, 54, 77, 82, 89, 108, 111,
118, 119, 138, 140, 141, 165, 176,
178, 202, 203, 223, 232, 242, 252,
253, 255, 279, 290, 292, 525, 527,
356, 357.

Denee (J.), 158.
Denemarken, 63, 63, 67, 68, 80, 85, 149,
518, 556, 343, 347.

Deneyn (P.), 224, 525.

Delft, 48, 57, 58, 149, 151, 200, 215, Diemen (A. van), 91, 101.

218, 221, 310, 313, 520, 552.        Diestpoort te Batavia, 45, 56, 79, 96, 99,

DAGH-REGISTER ANNO 1675,                                                                                                24

Dacres (H.), 117, 129, 198, 282, 285,
300, 305, 331, 352, 552554.

Daguiar (B), 108, 109.

Dam (J. van), 559.

Dame (H.), 199.

Damme, 149.

Danisborg, 518.

Deenen, 12, 67, 68, 73, 80, 95, 109,
158, 173, 249, 257, 282, 303, 317,
3554.

iaiti                                              Original from
Digitized by Google                                    PENN STATE
