572                REGISTER VAN PERSONEN- EN PLAATS-NAMEN.

Huypen (L. van), 69.
Huysman, 218.

Hurt (A.), 14, 69, 71, 154, 137, 138,
149, 183, 199, 248, 289, 348.
 (M.), 60, 86, 91, 102.

TL.

Ilha de Galas, 334, 342.

Imbasadana, 13, 105, 108, 109, 158.

Indragiri, 126.

Indramajoe, 52, 54, 75, 77, 112, 115,
140, 141, 176, 177, 201, 232, 253,
255, 290, 292, 525, 527, 557.

Indy, 504.

Isbrants (H.), 565.
Ispahan, 298.

Issenwyk (H. L. van), 95.

J-

137, 138, 140, 141, 149, 150, 158,
160, 162, 163, 169, 175, 178, 185,
Jager (H. de), 283, 297.            185, 187189, 196, 197, 202, 204,
Jakatra (schans), 56, 79, 99, 144, 180, ' 211, 214, 215, 223, 224, 229, 242,

Jacobs (T.), 210.
206, 256, 293, 329, 560.  246, 250, 252, :54, 258, 59, 269,

Jafnapatnam, 9, 197, 277, 278, 284.

Jansen (O.), 531.                   274, 279, 285, 286, 289, 290, 292,
.  (S.), 183.                 295, 299, 3504, 35235, 324, 327, 3550,

Jansz (J). 117.                       543, 555, 357.

Japan, 66, 76, 85, 95, 120, 121, 128, ' Javanen, 5, 6, 12, 50, 51, 56, 79, 89,
145 147, 156-159, 161, 162, 169,    92, 9496, 99, 104, 105, 115, 128,
171--173, 190, 354-551.         129, 157, 144, 158, 160, 1735, 180.

Japaneezen, 175, 556.   185, 206, 211, 227, 256, 268, 293,

Japara, 8, 28, 55, 54, 41, 45, 52, 54,    304, 505, 517, 524, 329, 330, 331,
67, 71, 72, 77, 81, 82, 85, 8890,    559, 343, 558, 360, 363, 364.

92, 97, 102, 104111, 116-119,  Joenan, 121.

KK.

Kaap de Goede Hoop, 8, 10, 12, 5759, Kali-gangsa, 54.
66, 81, 110, 114116, 125126, 128, , Kalimata (kitjol), 265.
135, 151, 152, 184, 189, 190, 192  Kali-sapoe, 204.
195, 200, 215219, 221, 222, 227,    -woengoe, 54, 111, 113, 138, 141,
228, 242244, 279, 286, 288, 500,  176, 177, 201, 204, 232, 253, 254,
302, 3506309, 316, 519, 320, 321, ; 291, 292, 524, 328, 356, 357.
352, 360.                       Kambodia, 343.
Kaitsoe (sjabandar), 162. Kanara, 28, 245, 545.
Kalamata (prins), 24, 224, 226.         Kandang-auer, 52, 54, 111.
Kali-anjar, 177, 204, 253, 255, 525.     Kandia, 187, 299.

Original from

Digitized by Google                                  PENN STATE
