370

145, 144, 177, 180, 206, 256, 295,

529, 360.

Dinela (J.), 159.
Dinkels (H.), 346.
 (J.), 155, 169, 218, 286.
Dioe, 85.
Diringo, 54, 203, 292, 327.
Djambi, 15, 49, 68, 95, 117, 119, 125,
136, 184, 243, 248, 250, 251, 296,
556, 545, 546, 554, 5bb.
Djambineezen, 248, 346, 554.
Djankoean, 556.
Djasoeta (kentol), 105, 162, 242, 252.
Djilolo, 267.
Djoangen, 527.
Djoeana, 54, 98, 115, 119, 158,
161, 176, 177, 201, 204, 214,

a ee

140,
225,

REGISTER VAN PERSONEN- EN PLAATS-NAMEN.

252, 255, 255, 262, 290, 296, 524,
525, 355, 357.
Djohor, 15, 52, 54, 75, 136, 525, 3546, 356.
Djohoriten, 126, 248, 546.
Doen (J.), 201.
Does (J.), 153.
Doeta Wangsa (kiai agoes), 94.
Domong, 55, 118, 138, 324.
Dompo, 29, 50, 32, 55, 3543, 165,
165167, 269, 272, 273, 340.
Dubbeldekop (W.), 17,65, 69,90, 107, 555.
Dugheyn (J.), 249, 265, 267.
Duitschland, 122.
Dularay (G.), 297.
Dupr (D.), 67, 88, 211, 214, 224, 229,
247, 252, 258, 260, 262, 279.
, (P), 187.

Ei.

Eeuwigh (T. van), 111, 342.

Egberts (H.), 342.

Elmers (P.), 155.

Elmets (A), 329.

Engeland, 4, 15, 16, 20, 67, 101,
122, 151, 1352, 154, 149, 158, 196,
198, 218, 227, 244, 247, 248, 250,
251, 282, 352, 536, 547, 553, 561, 563.

Engels (J.), 80.

 (TT), 1563, 158, 552.

117,

Engelschen, 12, 20, 66, 68, 73, 86, 91
95, 109, 117, 162, 1735, 184, 228,
248, 249, 257, 282, 555, 343, 365.

Englis (J.), 26, 86, 198.

’   (J. B. ab), 546.

Enkhuizen, 45, 45, 4749, 57, 58, 127,
128, 201, 3510, 315, 521.

Es (J. van), 597.

Everts (D.), 158, 162, 182.

FE

Faria (J. P. de), 199.

Favorel, 251, 257.

Fentsel (H.), 534.

Fernando (S.), 159.

Fernie (D.), 276.

Fido (J.), 27.

Fikat, 167.

Firando, 156.

Fokin, 191.

Fonteyn (1), 68, 149, 336.

Digitized by Google

Fortuyn (J.), 256.

Francen Holsteyn (J.), 3, 29, 31, 52,
5b58, 41, 165-167, 181, 183, 257,
258, 268270, 272, 273, 275.

Frankrijk, 7, 20, 62, 75, 101, 122, 124,
131, 152, 184, 345, 561.

Franschen, 4, 12, 20, 21, 27, 67, 68, 75,
80, 86, 106, 122, 173, 189, 227, 228,
248, 249, 257, 282, 299, 547, 359, 363.

Franx (G.), 21, 22,

Original from
PENN STATE
