854

Soeranggajoeda, 775, 776.
Soerasowan, 278, 755 -755,
Soerawidjaja, 600, 775.
Soerawinangon, 774, 775.
Soesinko, 596.

Soet (T. C.), 612, 658.

Soela, 201, 285.

Soela Bangsa, 780.

Soela Dilaga, 254.

Soeta Dita, 650, 556.

Soeta Djaja, 217.

Soeta Nangga, 665.

Soela Prana, 269, 748, 749.

Sokan, 79, (47, 721.

Solor, 152155, 461, 508, 615, 618 -620.

Someren (A. van), 558, 541.

Somersdyk, 522.

Somit, 375.

Sonnebaai, 616 618.

Soolmans (1), 528, 670, GUI.

Sopeng, 280, 506, 727.

Sore, 469.

Soro (Boemi), 72, 75, 77, 81,.282, 296,
456, 492 -498, b11.

Sorkam, 559, 550.

Soubr (A), 25.

Sourate, 15, 29, 57, 66, 67, 88, 101, 102,
115 118, 121, 122, 165, 187, 192
194, 271, 272, 283, 289, 290, 311
516, 518-520, 568, 569, 579, 584,
587,
426428, 454, 443, 462, 472, 477,
488-490, 502, BOS, 522, 54l, 555
bo5, 661-565, 565, 567509, 578,
581555, 608, 626, 641, 654, 659,
669, 711, 758, 767, 771, 775.

Soury (J.), 522, 562,

Soury (P.), 598,

Sousa (A. de), 454.

Soutstatsen, 254.

159, 761.

219, 585.

Digitized by Google

596, 599, 408410, 413, 424,

REGISJER VAN PERSONEN- EN PLAATSNAMEN.

165, 1711,
505, 569,
450, 442,
558, 559,

Spanje,
172,

27, 37, 87, 99102,
175, 176, 250, 275,
388, 408, 409, 411, 422,
460, 479, 491, 521, 555,
582, 650, 654, 657, 670.

Speckman (R.), 3526.

Speelman (C), 1, 2, 9, 14, 16, 17, 23,
44, 48, 74, 79, 82, 89, 91, 92, 104,
128130, 156, 160, 163, 176, 215,
220, 221, 225, 262, 270, 291, 506,
307, 528, 579, 588, 595595, 411,
421, 424, 446, 449, 450, 452, 456,
458, 467, 472, 477, 479, 491, 498,
501, 506, 507, B17, 518, 530, 557,
558, 695, 611-614, 622, 625, 632,
634, 654, 665 -667, 675, 675617,
682, 684, 688, 692700, 702705,
708, 710, 712715, 725, 725, 726,
728, 729, 732755, 7359, 141, 751,
754, 755, 759, 760, 762, 764, 775,
774, 777, 786.

Speelman (J.), 150.

Spiljardus (J.), 514, 518.

Spinhuis (Batavia), 527.

Spree, 499.

Springer (Il), 107, 456.

Staden (l. van), 140.

Stappen (G. van der), 25.

Starrenburgh (J. C.), 421.

Steclman (J.), 675.

Steen (J.), 8, 37, 65, 170, 461, 569, 756.

Steenhouwersbrug, 467.

Stel (S. van der), 20, 21, 118, 119, 156,
137, 188, 206, 505, 328, 558, 559,
568, 422, 551, 562, 610, 615, 621,
622, 672, 715, 716, 746, 7182784.

Stepe (P.), 522.

Sterckenburgh (J. van), 520.

Sterrevell (E. van), 549.

Steutel (A.), 22, 221, 676, 785, 786, 789.

Stigtmulder (A. B), 542.

Stoelties (J.), 455.

Stoffelse (R.), 742.

Original from
PENN STATE
