856

Tamalette, 375.

Tambak Baja, 415, 608, 650, 709, 780.

Tambak Nagara, 780.

Tambang, 24, 95, 166, 167, 169.

Tambesi, 469, 599, 737, 774, 775.

Tambora, 70, 73, 75, 7779, 81, 128,
129, 296, 326, 459, 491 -499, 51.

 Tamboekoe, 31, 35, 51, 63, 104, 526, 327.

Tamela, 575.

Tamsiako, 282, 419, 7868.

Tamparang (Radja), 279281, 492, 727,

Tanara, 51, 55.

Tanawang, 581.

Tandia, 289293.

Tandjoengpoera,
57, EO, 65, 158, 159, 157, 168, 162,
165, 177, 201, 202, 224, 225, 270
273, 277, 285 290,
510, 362, 365, 567,
408, 409, 415, 416, 418, 458441,
651, 436, 479, BOO, 505, 512, 515,
525, 544, B54556,' 5CO, 578, 608,
649, 650, 659, 660, 664, 677, 716,
125, 726, 729, 775, 776.

Tandjoengpriok, 176, 177, 205, 751.

Tandsinio, 419.

Tandua, 323.

Tanele, 280, 281, 510, 751.

 Tange (W.), 571.

Tanggeran, 138, 161, 186, 264, 292, 500,
521, 395, 399, 414, 429, 458, 459,
461, 508, bil,
574, 607, 659, 674, 765.

Tangsooy, 747.

Tangy (F.), 514, 517, 525.

Tanhoko, 258.

Tankianio, 295.

Tannoera, 565.

Tanoebaja (Toemenggoeng), 5OI, 512.

Tanoenoe, 372.

Tansjouwer, 515.

Tant (C.), 745.

Taokal, 466.

593, 594, 406,

Digitized by Google

1, 2, 26, 27, 55, 46, 47,

297, 506, 507,

525, 552, 558, 559,

  Tartarye, 445.

REGISTER VAN PERSONEN. EN PLAATSNAMEN.

' Taroena, 374, 685587, 689.

Tartaren, 120, 139, 155,
254, 441, 444, 781.

204, 251, 233,

Tavacan, 163.

Taylor (J.), 519.

Tchianio, 293.

Tega, 636, 655.

Tegal, 8, 12, 135, 1820, 69, 61,
138, 145, 146, 150,
207, 208, 264, 266,
295, 300, 303, 310,
414, 415, 463, 464,
509, 5235, 530, 550,
572, 645, 645, 659,
778, 781, 790, 792.

Tegalwangi, 212, 214, 665 - 667.

Tegappa, 138.

Tegenapatnam, 292, 511, 395, 585, 429 -
451, 450, 499, 627, 685688, 706.

Tekkenkoer, 565.

Teko (Aroe), 72, 282,

Tellier (D.), 371.

Tello (Radja), 611.

Telokboenoet, 677) 729, 7753.

Telokgempol, 363, 439, 651, 677, 775.

Telokipis, 286.

Temmer (ll), 62, 609.

Tenassarim, 66, 383, 568.

Tenimber, 612.

Terlucco, 436.

Termane, 616, 618.

Ternate, 2, 30, 35357, 39, 40, 42, 44,
45, 48, 49, 52, 85, 89, 9194, 9799,
101104, 130, 135, 163, 178, 180,
181, 184, 199, 222, 295, 526, 371,
372, 3743576, 395, 435 4357, 446,
452, 492, 611, 521, 579, 580, 585
586, 588-594, 605605, 608, 611,
612, 619, 637, 710, 711, 767770.

109,
169, 177, 202,
287, 288, 295,
400, 403, 411,
490, 491, BOL,
555, 657, 571,
660, 718, 720,

 Ternatanen, 1, 2, 41, 42, 47, 48, 74, 76, 91,

92, 95, 179185, 191, 192, 281, 282,
571, 457, 655, 652, 655657, 665.

Original from

PENN STATE
