826

Pagaden, 7, 25, 57, 451, 456, 500, 513,

525.
Paganding, 469.
Pagantin, 6553.

Paganting Lanang, 471.

Pagie, 278.
Pagihan, 471.
Pagila, 470.
Pagirikan, 506.
Pahang, 146, 147.

REGISTER VAN PERSONEN- EN PLAATSNAMEN.

532, 550, 644, 645, 719, 720, 791,
192.

Pamanoekan, 5, 7, 23, 49, 59, 145, 146,
214, 219, 265, 266, 297, 299, 500,
302, 400, 403, 4653, 515, 525, 551,
571, 572, 643, 645, 719, 720, 775,
790, 791.

Pamoelikan (Krang), 458, 459.

Pamogan, 35, 469.

Pampangers, 452, 454.

Painan, 356558, 540, 541, 545, 544,  Panaragan (Krang), 6, 7, 27, 73, 129,
415, 629.                               176, 203, 2359, 284, 379, 446, 624, 690.

Pakansambat, 470.                   Panaroeban, 225.

Pakisan (Ketoet), 67, 470.             Panata Joeda (Toemenggoeng), 122, 158,

Palakka (Radja), 72, 86, 87, 170, 205,   159, 167, 162, 278, 288, 290, 297,
279-281, 325--327, 375, 580, 418,   298, 510, 311, 362, 394, 395, 406,
456, 458, 459, 491, 492, 496, 499,   407, 412, 413, 459, 512, 544, 645,
501, 502, 505507, BIO, 5IT, 525,   603, 649, 651, 660, 664, 677, 729,
527, 587, 611, 663, 664, 6735, 690,   755.
715, 726-728, 758, 750, 751.      Pande, 469, 471.

Palakka Koja, 726.           1

Palembang, 27, 28, 52, 53, 5739, 45,
44, 50, bl, 58, 108, 150, 159, 162,
178, 194198, 200, 210, 215, 226
230, 239, 247, 249-254, 256 -261,
274, 292, 296, 330353, 535, 556,
561, 562, 566, 379, 596, 3598, 419,
424, 441 445, 465, 480 -486, 514,
big, 525, 526, 528, 555, b5I, 595 -
597, 599-605, 605, 608, 611, 619,
620, 6351655, 652, 654, 661, 673,
690, 715, 717, 719, 729, 756 -738,
7146, 757, 774776, 756, 790, 791.

Paliacate, 276, 292, 311, 312, 316, 581,
582, 584, 3585, 416, 429-452, 450,
499, 561, 564, 626, 627, 669, 680
681, 685, 686, 706, 707.

Palicol, 312, 566.

Palimboe, 472.

Paljetter, 518, 685.

Paloe, 374.

Pamalang, 146, 265, 266, 288, 295, 301,

Panendjoan, 600, 774, 775.
Panida, 469.

Panjabrangan, 507.

Panjer, 471.

Pangaty, 457.

Pange, 413.

Pangoekirang, 469.

Pangon, 600.

Pangua, 513.

Pannawongan, 412.

Pannela, 5653.

Panoelar (Raden Aria), 109, 780.
Panoclis, 527.

Pante, 774, 776.

Panthiano, 104.

Paoeh, 628.

Papas (Kare), 526.

Pape (J. de), 364, 447.

Papekat, 494.

Papoc (Kare), 486.

Papoea's, 182, 326, 529, 5372, 579.
Parakanmoentjang, 219, 501, 512, 649,

302, 401, 405, 414, 465, 464, 551,    125, 772.
En                                           Original from
Digitized by Google                                PENN STATE
