808

165,
331, 554, 442, 456, 457, 473, 477,
556, 560, 567, 578, 595, 649.

Duitschland, 411.

Dupree, 518.

Durant (J.), 364.

Durent (T.), 24, 54.

Dusseldorp (P.), 32, 691.

Duyker (C. H.), 417.

Duyn (C. van der), 2, 56, 59, 40, 43, 179,
181, 221, 296, 564, 712.

178, 194, 195, 239, 551, 336,

REGISTER VAN PERSONEN- EN PLAATSNAMEN.

Dwars-in-den-weg, 141, 187, 379.

Dyck (J. van), 18, 11, 12, 14 -16,27,
45, 46, 56, 57, 108, 109, 114, 129,
154156, 164, 169, 170, 177, 202,
205, 211314, 216, 217, 219, 222,
238, 259, 244, 245, 270, 275, 285,
387, 3594, 3598, 411, 419, 475, 47F,
476 478, 503, 510, 614, 650, 756.

Dyekman (H.), 364.

Dye (Entji), 468.

Dynen (J. R. van), 745.

5.

Eck (F. van), 47, 88.

Eeckhout (M.), 742, 745.

Eeden (H. van den), 231, 252, 256, 288,
290, 296298, 562, 368, 393, 594,
406, 407, 409, 413, 416, 418, 458,
439, 441, 4435, 446, 452, 462, 467,
479, 490, 491, 550, 557, 615, 651,
109, 779.

Eeuwyck (T. van), 219, 452, 467, 656,
653, 656, 657, 689.
Egbertsz (ll), 189, 221,

1053.

Egosi, 515, 429, 430, 686.

Elias (P.), 570.

Elinama, 372.

Elmers (P.), 691.

Eloer, 565.

Endeh, 492, 612.

Engeland, 34, 51, 54, 111115, 127,

310, 452, 664,

514,
370,
598,
420,
454,
490,
545,
565,
659,
674,

517,
572,

519,
515,

320, 325 337,

3582, 384, 385,

599, 409, 411, 415, 414, 416,

421, 423, 426428, 451, 452,

445, 446, 450, 452, 461, 488

508, 514, 517, 518, 525, 529,

544, 552, 554, 558, 562, 565,

569, 575, 608, 609, 626, 657

641, 645, 648-651, 658660,

677680, 684, 685, 714, 715,
723, 729, 732, 7353, 741, 747, 755,
754, 759, 777, 780, 781.

Enkhuizen (stad), 21, 58, 116, 118, 119,
263, 574, 711, 715, 716, 782, 785.

Enkhuizen (bastion), 520.

Ente (1), 159161, 185.

Es (D. van), 692.

Es (J. van), 324, 366.

Esta, 769.

569,
596,

161, 165, 178, 185187, 199201,  Etter, zie: Wetter.
505, 3506, 3153, 519, 320, 569, 596, Europa, 16, 112, 157, 166, 1735, 187,
399, 410414, 416, 428, 450, 461, 188, 200, 271, 292, 319, 560, 571,
462, 508, bil, 529, 552, 558, bob,  584, 386, 3599. 409, 410, 427, 428,
609, 611, 626, 637, 639, 642, 648, 543, 565, 640, 668, 672, 725.
649, 651, 658, 659, 679, 678, 7353. Europeanen, 6, 7, 19, 25, 46, 167, 171,
Engelschen, 18, 24, 30, 34, 37, 43, 1   174, 175, 220, 224, 306, 513, 517,

54, 60, 61, 65, 66, 106, 111, 112, . 3521, 358, 571, 379, 412, 415, 417,
121, 1235, 124, 127, 151, 153, 159,   654, 555, 542, bob, 692, 593, 596,
161, 165, 185, 187, 195, 199, 200,   598, 615, 626, 645, 718, 759, 741,
271, 272, 274, 279, 292, 305, 312 749, 778.

Original from

PENN STATE

Digitized by Google
