REGISTER VAN PERSONEN- EN PLAATSNAMEN.

421,
489,
522,
652,

434, 440442, 450, 479, 488,

500, 508510, 513, 514, 520

564, 565, 568, 576, 606, 619,

639-641, 654, 655, 659, 667,
668, 670, 672, 679, 680, 710, 711,
730, 760, 766771.

Bengkalis 207, 208, 265, 274, 641, 791.

Benjanen, 427, 561, 562, 567, 626.

Bent (F. L.), 44, 89, 91, 150, 160, 222,

249, 282, 522, 528, 566, 576, 588,
411, 417, 446, 452, 467, 477, 500,

530, 549, 625, 692, 700, 702704,

112, 713, 729, 756, 738.

Berampoer, 515, 579.

Berckman (M ), 568.

Berenbergh (C.), 296, 324, 564.

Bergen (C. van), 417.

Bergenopzoom, 210.

Bergh (U.), 25, 627.

Bergh (J. van den), 318, 387.

Bergh (S. van den), 417.

Bernaerdse (B.), 267.

Bernagore, 124.

Beroagi (Krang), 458, 469.

Bervelt (J.), 2, 27, 46, 67, 65, 138, 139,
157, 162, 165, 177, 201, 224, 225,
270, 271, 273, 285, 288, 290, 297,
306, 362, 394, 4C6, 407, 416, 418,
459441, 456, 462, 479.

Bescherming (fort), 7, 46, 109, 156, 238,
272, 294,

Besselman (J.), 83, 130, 221, 227, 277,
420, 528, 54b, 690.

Beyert (C.), 525, 3598, 409.

Biana, 428, 710, 711, 766--768.

Biasa (Kare), 486, 487, 526, 653.

Biblegamime, 517.

Bilandre (F.), 24, 26, 162, 165, 167, 178,
194, 268, 287.

Biliton, 59, 60, 101, 132, 486, 721.

Billigacorle, 488.

Bima, 51, b153, 59, 60, 7074, 177
81, 114, 128, 129,

DAGH-REGISTER ANNO 1681.

Digitized by Google

176, 203, 222,

801

259,
408,
491,

282,
409,
495,

284. 295, 296, 526, 379,

418, 435, 446, 456 459,

494, 496-499, bil, 521,
677, 678, 682, 637, 690, 719, 720,
726, 750, 755, 790.

Bimaneezen, 75.

Bimelipatnam, 312, 382, 566.

Binonang (Radja), 280.

Bintang (Z.), 247, 485.

Bisei (Krang), 5, 4, 6, 7, 10, 11, 153,
17, 27, 46, 56, 57, 109, 129, 170,
176, 177, 205, 216, 217, 225, 2359,
240, 284, 321, 525, 379, 446, 452,
458, 526, 527, 555, 623, 638, 652,
672, 690, 751.

Blanckelaer (G.), 65, 618.

Blieck (J.), 691.

Blitar, 269.

Block (A.), 365, 448.

Block (J. C.), 566.

Blocqlant (Mr. A), 323.

Blom (D.). 31, 160, 285,

Blom (N., 65, 525, 528,

Boang, 635, 655.

Bobane, 684.

Bocq (P. de), 326.

Bodja Lomme, 79.

Bodjong, 3506, 594, 412.

Bodore, 227.

Boeang (Entji), 665.

Boedjang (Entji), 459, 468.

Boedoeloe, 5690.

Boega Lamma, 656, 656.

Boegeroens, 97.

Boegi's, 7, 25, 63,
281, 282, 526,
404, 418, 456,
496, 514, 526,
652, 656, 657,
127, 740, 752,

Boegon, 167.

Boejang, 3539.

Boekoelang, 469.

503.
550, 556.

79, 80, 164, 255, 256,
527, 534, 339, 375,
466, 481, 492, 495,
627, 5353, 629, 646,
659, 663, 690, 722,
761, 793.

51

Original from
PENN STATE
