REGISTER VAN PERSONEN- EN PLAATSNAMEN.                819

ML.

Maas (L.), 417, 615, 671, 676, 712, 765.

Macao, 204, 254, 259, 263, 527, 401,
403, 410, 679, 746-748, 781, 782.

Maccoe, 594.

Maccon (G.), 47, 88, 371.            N

Maccore, 578.

Madagaskar, 69, 137, 264, 268, 425, 652,
610.

Madapalam, 315.

Madera, 560, 3561, 577, 581, 408, 409,
423, 450, 491, 521, 554, 558, 654, 707.

Madingsoeka (Pangeran), 774.

Madjauang (Dang), 627.

Madoena, 3512, 451, 681.

Madoera, 462, 631, 552, 552, 570, 571,
631, 645, 645, 790, 792,

Madoereezen, 552.

Madras, 155, 550, 569, 384, 597, 410,
490, 569, 626, 659.

Madraspatnam, 66, 110, 512, 515, 451,
565.

Madsiegy (Krang), 72.

Madura (Cormandel), 514516, 518, 585,
450, 488, 556, 648, 687, 707.

Maelsuyker he 71, 555.

Magado, 25

Magat, 548, 549, 554, 556, 557.

Magali, 55.

Malhmedaminchan, 515, 569.

Mahmedshah (Sultan), 540, 541, 543, 545,
4 16.                   j

Mahootse, 291, 295.

Majompa (Dang), 227. -

Majang, 470.

Majoltes, 264, 268.

Majuda, 1, 48, 9294, 692, G11.

Makassar, 6, 51, 6065, 71, 72. 74, 75,
1885, 86-88, 104, 105, 155, 176,
178, 205, 222, 248, 254, 259, 279,
281, 282, 284, 295, 296, 304, 521,
525528, 571, 372, 580, 418, 424,

Digitized by Google

456,
5Ol,
605,
7126,

465,
502,
624,
127,

Makassaren,

48, 51,

464, 466, 491, 492, 496,
505b07, 510, Bil, 576,
642, 665, 664, 718, 721,
148 7152, 789, 790, 792.

1, 57, 17, 25, 27, 28, 46,
56, 57, 62, 68, 74, 77, 79,

80, 108, 109, 114,  122, 155, 156, 162,

170,

176,

177, 200, 202, 205, 209,

215, 219, 222224, 226, 227, 229,

250,
257,
280,
504,
52,
597,
459,

259,

440,

240, 245, 244, 248, 252
260, 267, 270 -272, 277,
285, 286, 289, 290, 292,
507, 510, 521, 525, 551,
561, 572, 579, 5955L5,

54
99, 404, 410, 412, 418, 421,

451, 452, 456, 458, 462,

465, 479482, 485, 486, 492, 5OO,

505,
5627,
576,
615,
646,
661,
117,

511,

555,

579,

614,
649,
672,
7123,

612, 14, 519, 525, 626,
b44, 655, 560, 573, 674,
592, 695, GO3, 607, 611,
622, 630, 633, 637, 643,
652, 653, 656, 657, 659,
674, 689, 690, 708, 709,
125, 740, 741, 746, 761,

165, 777, 786, 795.

Makjan, 180, 181, 183, 184, 456, 457,
584, 585, 588, 594.

Malabar, 65, 68, 123, 150, 204, 272, 290,
515518,

489,
554,
581,

706.

490,
557,
585,

568, 386, 387, 426, 487,
503, 509, 520, 521, 555,
661, 563, 564, 667, 578,
612, 648, 669, 685, 686,

Maladiven, 26, 125, 6l.

Malaga,
Malaka,
110,
226,
500,
569,
406,

411.

29, 30, 36, 43, 50, GS, 100, 109,

115,
266,

502,

517,
417,

152, 145, 157, 164, 205,
275-2715, 277, 279, 290,
310513, 318, 350, 354,
519, 585, 385, 587, 401,
426, 451, 452, 490, 502,

Original from
PENN STATE
