REGISTER VAN PERSONEN- EN PLAATSNAMEN.

176, 185, 185, 197, 199, 211, 222, Houten (R. van), 3573.

249, 255, 258, 282, 284, 285, 291,  Houw, 235.

294, 323, 565, 376, 587, 391, 395,  Houwens (GC), 552.

595, 398, 406, 410, A11, 424, 445,  Hulsbergen, 508.

448, 449, 452, 467, 477, 503, 505.  Hurdt (A), 48, 91, 158, 161, 291,
506, 514, bi6, 528, 542, 545, 547,   3528, 376, 3588, 411, 446, 452,
556, 557, 577, 605, 605, 606, 652,   471, 499, 5135, 517, 518, 530,
653, 664, 689, 692-694, 698705,   553, 556, 583, 692, 699705,
712, 729, 734, 7356, 738, 765, 758,    744.

760, 762, 786.                Hurdt (M.), 26, 164, 166, 178, 690,
Hoorn (P. van), 45, 528, 546, 6953.      luygens (J.), 685.
Hoorn (J. van der), 575677, 608      Huysens (J.), 371, 373.
Hoorn (P. van den), 542, 545, 627, 691.  Huysman (J.), 5664, 680.
Hopman (A.)., 65, 67, 525, 528, 636.     Huysman (M.), 290, 314, 517, 318,
Horney, 617.                   488, 520, 554, 561, 565, 581,
Hosten (A. van), 32, 363, 448.   685, 706.
Houten (G. van), 742.

I.
Ibrahim, 512, 549, 550, 552, 554.     207, 214, 218, 219, 265, 266,
ljan, 196.                    301, 302, 3507, 401, 403, 412,
llaou (Dang), 655.                 464, 612, 531, 532, 552, 658,
Ilha de Gale, 205, 659.                572, 574, 614, 645, 719, 720,
Hir, 25.                         790, 792
Ijart (Mr), 569.                    Indramoelia (Radja), 356, 357.
Imersa Ragie, 489.                  Indrapoera, 25, 337, 359 -541, 545,

415.
Indyck (L.), 45.

lmmosama, 731.

Inabo Minosama, 90.

Inchiado, 315.

Indianen, 188, 198.         Inta Soeta, 122.

Indig, 764.                        Intchiassem, zie: Tjiasem.

Indragiri, 60, 66, 162, 274, 330, 641.  Ismola, 680, 584.

Indralaja, 678. Isneen, 374, 684, 694.

Indramajoe, 1, 3, 57, 13, 23. 46, 49, Ispahan, 4352, 454, 487, 489.
59, 61, 145, 146, 169, 170, 202-204, ' Iwang, 655.

J.
(Zie ook onder Dj)

Jacatras 8486, 185, 197, 199, 201, 255, Jacobse (H.), 3935, 409.
258, 261, 294, 297, 591, 393, 522, Jacobse (1), 4553.
5359, 542, 546, 547, 607, 659, 754,  Jabobse (L.), 466.
160762.                        Jacobse (M.), 676.

Original from

Digitized by Google                                 PENN STATE

815

296,
467,
549,
154,

744.

487,
669,

295,
465,
571,
175,

545,

Ingen (M. van), 239, 524, 566, 649.
