804      1         REGISTER VAN PERSONEN- EN PLAATSNAMEN.

Cardeel (ll. L.), 18, 569.             Chanchanna (Nabab), 124.
Cardosa (G.), 46, 67, 139, 165, 306, 510, Chapelin, 121.

406, 649, 7753.                   Chastelein (G.), 222, 691.
Cardosa (J), 455.                   Chebet, zie: Tjibehet.
Carical, 315, 686.                   Chepert (T.), 575.

' Carien (Sengadji), 619, 620.           Cheribon, 115, 17, 19, 22, 23, 27, 51,
Carlo, 454.                        56, 46, 49, 56, 57, 58, 60, 65, 75,
Carnatica, 512, 582, 451, 565, 687, 706.    108110, 114, 129, 145, 150, 154
Caroin, 105.                      156, 164, 169, 170, 176, 177, 201
Carstense (J.), 249, 267, 357, 560, 447. 204, 207, 208, 211215, 215-218,

hence ent

Casembroot (J), 158, 295, 446,467,699, 224, 230, 238246, 264, 266 270,

712, 786.                 272, 273, 375, 285, 288, 294, 299.
Casembroot (R.), 432, 455, 487,489,525, 300, 502, 521, 396, 400, 405, 410,

654, 561, 581, 654.      412, 414, 415, 419, 446, Al, 452,
Casimbasar, 17, 115, 116, 204,569, 659. 460, 465, 464, 467, 472 480, 500,
Cassaret, 655.                   501, 514, 620, 625, 528, 530, 552,
Cassela, 6355.                   550, 652, 556, 557, 560, 569, 572,
Castel (Ph.), 326, 456, 467.             676, 694, 607, 609, 613615, G51,
Castiliaan, 152, 145, 170, 194.         642, 643, 645, 660, 651, G59, 665,
Cauwa Goints Ginzey Mondono, 89       670, 677, 678, 684, 714, 715, 718,
Cayamelle, 656.               721, 723, 724, 7l, 753, 754, 756,

192.

Cecila (Dang), zie: Cicila.   164, 772, 7735, 789,
Ceilon, 26, 29, 30, 85, 125, 165, 164, " Cheribonan, zie: Katjerbonan.
204, 248, 273, 285, 287, 289, 290, , Chilauw, 316.
292, 299, 505, 311318, 520, 321, Chilias, 707.
325, 560, 361, 368, 370, 581, 385 China, 60. 61, 67, 85, 90, 91, 120, 141,
387, 398, 423, 426, 450, 434, 487    155, 190, 1935, 208, 231, 235. 234,
489, bil, 520-522, 53b, 536, 542,   237, 265, 266, 275, 287, 290, 295,
647-b49, 556 558, 561, 564, 568,   3013503, 362, 379, 390, 592, 408,
581-583, 692-594, 608, 610-612. ' 409, 4lb, 419, 424, AAl445, 447,
625, 627, 6G58640, 651, 654 656,   457, 465, 619, 595, 710, 711, 721,

669, GEO, 686, 706, 707, 710, 711,   730. 746, 747, 756, 757, 766, 767,
714, 717, 745, 766-768, 77U.     169, 781, 782, 792.
Ceilon (D. van), 405.         Chincheeuw, 252, 235, 441, 444, 445.
Celebes, 281, 525, 326, 418, 492, 585,  Chineezen, 1, 7, 17, 22, 23, 351, 35, 44,
126.                          bl, 6163, 89, 120, 127, 130, 151,
Ceram, 182, 329, 572, 578, 579, 6053.   139, 140, 146149, 152, 160, 162,
Ceram (Kiai Tjili), 179.                177, 195, 194, 209, 219, 222, 225,
Ceram (Prins), 457.                   231, 255, 2354, 258, 267, 273, 275,
Ceulen (J. van), 164, 277, 377, 639,   277, 278, 283, 287, 291295, 504.
641, 667.                      313, 523, 326, 3527, 396, 402 -404,
 Chaeslachan (Nabab), 123, 369.          411, 415, 418420, 425, 434, 457,
Chalilulchan (Nabab), 430, 565.          441, 445, 456, 461, 465, 466, 480,

Original from

Digitized by Google                                      PENN STATE
