814                REGISTER VAN PERSONEN- EN PLAATSNAMEN.

Jacobsen (J.), 742.                479, 480, 490, 491, 499, 5O1, 509,

Jacobsze (A.), 455.                  550532, 556, 556, 570, 572, 585,

Jafnapatnam, 205, 517, 488, 536, 5s,   592, 595, 612, 615, GI5, 617, 620,
594.                       621, 630, 631, 635. 656, 643, 673,

Jager (C. de), 363, 449.               674, 708, 719721, 751, 790, 793.

Jager (H. de), 324, 566, 690.          Japkinko, 277, 425.

Jager (Z. de), 57, 159.               Jasmelsing (Radja), 369.

Jalou, 264.                        Jauw, 255.

Jamban, 625.     Java, 146, 270, 326, 502, 665667,

Janse (M.), 742.                    750; zie: Groot Java.

Janse (P.), 464.                     ’ Javanen, passim.

Jansen (A), 47, 88, 454.              Java's Oostkust, 1, 8, 17, 18. 45, 48,

Jansen (C.), 310.                     60, 61. 70, 111, 112, 127, 128, 161,

Jansen (D.), 24, 34, 454.               186, 200, 208, 215, 219, 220, 250,

Jansen (H.), 405.                    246, 248, 265, 269, 270, 302, 370,

Jansen (I.), 210, 566, 448, 742.          402, 410, 415, 416, 441, 461, 462,

Jansen (J.), 455, 605, 742.              464, 479, 480, 490, 491, 532, 551,

Jansen (O.), 205.                    561, 571, 572, 609, 612, 631. 657,

Jansen (Ph), 742.                   638, 642, 644, 645, 664, 673, 709,

Jansze (F.), 454.                 721, 726, 728, 740, 748, 780, 792,

Jansze (G.), 45.                     796.                j

Jansze (J.), 788.                    Jedo, 89, 90, 731, 732

Jansze (L.), 56.                    denlieven, 18, 405, 416.

Jansze (N.), 454.                    Jeppes (J.), 448, 490.

Japan, 16, 29, 54, 58, 44, GO, 61, 67, . Jerenika (Krang), 458, 459.
8991, 112, 115, 117, 120, 141, 146 Jessoor, 124.
149, 153, 157, 162, 175, 177, 192, Jezuieten, 120, 172, 563, 781.
193, 200, 204, 205, 208, 230, 249, Joden, 179.
262, 265, 266, 275, 275, 276, 293, ' Joeda Manggala, 201.
2035, 312, 350, 567. 5377-579, 586, ' Joeda Mardawa, 500.
589, 390, 392, 597, 400402, 406,  Joeda Nagara, 220, 270, 509, 458, 596,
408, 409, 417, 419, 420, 464, 485,    599602, 651, 780.
502, 521, 522, 552, 558, 541, 554,  Joeda Prana, 709.
557, 572, 573, 621, 645, 651, 668,  Joee, 719.
672, 680, 685, 710, 711, 718, 720,  Joeman, 150.
721, 7507352, 741, 747, 766-768, Joenan, 120.
7711.                              Johonsing, 237.
Japanners, 90, 91.                   Jonas (E), 691.
Japara, 59, 61, 76, 82, 110, 114, 145, Joncker (D.), 230.
150, 177, 178, 194, 202, 208, 219, Jongh (D. de), 162, 525.
220, 250, 264, 268270, 287, 294, Jongh (U de), 248, 249, 467.
295, 500, 302, 509, 510, 400, 403, 1 Jongh (J. de), 637, 642, 648, 659, 674, 675.
410, 415, 454, 437, 458, 465, 464,  Jongh (M. de), 7b1.

ee

Original from

Digitized by Google                              PENN STATE
