450               REGISTER VAN PERSON

Holst (J.), 109.

Honimoa, 159, 291.

Hon-ko, 104.

Hoorn, 19; 111.

(P. van), 14, 52, 54, 55, 45, 110,
155, 192, 207, 216, 218. 285, 581.

Hoppes (R.), 410.

Hornay (A.), 285.

Horst (H. ter), 129, 151, 152.

Hostrock (J.), 152, 408.

Hougly, 59, 64, 70, 75, 154, 155, 225

EN- EN PLAATS-NAMEN.

Houman (N.), 119, 120, 152.
Houwaert (J.), 417.

' Hugo (H.), 98, 268, 269.

Hunter (J.), 11.

Hurt (A), 3, 12, 121, 159, 160, 191,

282, 285, 285.

(M.), 81, 86, 100, 111, 246, 250,
279, 552, 564.

Hustaert (J.), 5, 6, 17, 18, 50, 75, 96,
129, 149, 167170.

Huysman (A), 150

Eed

226, 256, 277, 279, 552, 57

5

n             561.

(M.), 558,

E

Indragiri, 5, 9, 10, 86, 87, 90, 91, 95, 104,
111, 112, 157, 156, 246, 248, 255
255, 276, 297, 507, 509, 556, 558.

 Indrapoera, 5, 84, 257240, 512.
Indyek (D.), 64, 116.
Ipapoeti, 291.

 -majoe, 21, 65, 66, 92, 94, 124,  Ispahan, 141, 165165, 270, 521, 325
125, 151, 196, 198, 242, 245, 287,    525, 567.
288, 514, 315, 578, 579, 419.
J

Jacobsen (S.), 167.
Jafnapatnam, 69, 70, 146, 149, 167169, .

174, 179, 180, 182, 185, 188, 208,
209, 221, 264, 275, 519, 527, 528,
530, 331, 555, 548, 557, 558, 5601
565. 569, 575, 577.

Jakatra, 120.
  (schans). 21, 357, 67, 94, 126,

155, 174, 199, 289, 516, 380, 420.
Janssen (P.), 241.
Jansz (A), 278.

(F), 77.

(G), 418.                    j
(W.), 32.
Japan, 31, 54, 35, 39, 42, 46, 47, 55,

70, 76, 77, 79, 81-84, 87-90, 95,

99, 101, 104111, 114117, 135,

155, 156, 169, 175, 174, 178, 195,

222, 223, 231, 261, 507, 309, 549,

Digitized by GO   gle

554, 556, 570572, 585-585, 587,
588, 592, 594, 598, 400402, 411, 414.

Japanezen, 90, 110, 114, 555, 3556.

Japara, 7, 12, 18, 19, 25, 30, 51, 56, 42,
47, 49, bb, 58, 62, 65, 66, 76, 7882,
92, 95, 105-105, 109, 124, 125,
147150, 152, 158, 159, 161, 195,
196, 198, 201, 206208, 220, 254,
255, 242-245, 247, 250255, 256,
257, 281, 282, 285, 286, 291, 299, 500,
502, 505, 510, 3512, 515, 515, 540, 541,
545, 545, 546, 3549, 575, 577, 580,
595, 596, 405, 415, 414, 418, 420.

Javanen, 12, 21, 53052, 55, 37, 49, 52,
54, 67, 87, 94, 110 126, 128, 154,
155, 157, 159, 155, 174, 186, 187,
199, 211, 254, 257, 250, 255, 279,
506, 511, 3516, 556, 557, 540, 580
3582, 420, 421.

Original from

UNIVERSITY OF WISCONSIN
