432                REGISTER VAN PERSONEN- EN PLAATS-NAMEN.

Keyserskint (C.), 589.

Keyts (J.). 282, 285, 505.

Kim-si, 165, 176, 177. 267, 269, 520,

325, 549, 568.
Kindler (C.), 155.

Klerek (A. de), 57, 74.
Knol (P.), 54, 55, 151.

Koedoes, 94.

Koedyek (L), 525.

Koei (hoek van), 5
Koepang, 15.

Koesekoe (eiland), 122.

Koetsjin, 5, 140, 142147,
221, 222, 225, 227, 2
257, 260262, 264,
526, 529, 545, 547,
560, 365, 369, 572,

        Louter, 184.
Koewasa, 160.

Koilan, 145, 262, 558, 561,

Koksinga, 22, 42, 78, 114, 11

Kolombo, 59, 70, 96,

140,

167, 178-180, 185, 188,
227, 256, 265. 265, 524,
548, 557559, 561, 565, 564, 566,

569, 570.
Konnmner, 122

165, 179,
51, 256,

568, 572.

5, 588.

146 150,
209, 225,
526528,

Komorin (kaap), 256, 261, 262, 528.
Kongo, 164, 165, 227, 567.

Koningsbergen, 412.

Koping, (C.), 546, 551.

Laha, 291.
Lain, 206.

Lairesse (H. de), 190, 227, 241,

265, 520,
5

Kopper (R.), 175, 189,

Korolat (radja), 15.

Koromandel, 17, 59, 40, 55, 55, 56, 64,
68-70, 7274, 84, 85, 89, 91, 96,
98, 99, 105, 106, 111115, 115,
116, 127, 155, 140, 149, 150, 156,
157, 161, 165, 167, 169, 170, 174,
177180, 182188, 192, 194, 208,
209, 220222, 225, 227, 255, 256,
257259, 2635, 264, 266, 267, 269,
270, 274277, 501, 506 -508, 519,

20, 522, 5

56, 5358, 5

65, 3569, 572, 3735, 5375 577, 581,

85, 386, 401, 406, 407, 412, 417.

Kota-tengah, 49, 258, 259, 512, 550.

Kotiar, 146, 149, 181, 182, 256, 275,
568.

Kranganore, 264, 561.

' Krawang, 20, 56, 65, 95, 94, 124, 125,

128, 155, 151, 197, 242, 245, 287,

288, 514, 315, 579, 419.

 Kroesbeeck (A), 226.

Krokot (rivier), 21, 57, 67, 94, 126 157,
155, 199, 289, 516, 580, 420.

  Krongrong (krang), 16,128,171, 172, 546.

Kruyff (J.), 155.

Kruyskerck (L.), 152.

Kryne (J.), 28.

Kuylf, 59.

Kwamang, 246.

I.

206, 264,

268, 270, 271, 564, 566, 570.

Lakara, 505.
Lakor, 505.
Lamakera, 15, 160.
Lambersz (T), 77.

Digitized by GO

gle

 Lamoa (eiland), 598.
 Lampong, 54, 128, 154
, Landak, 299.
Lando. 160, 285.
Lange (P. de), 221, 519, 550, 551.
 Laos, 51.
 Larantoeka, 60, 160, 285, 500.
 Larike, 251, 252,
 Lasem, 20, 66, 79, 207, 502,

to
rs

Original from

UNIVERSITY OF WISCONSIN
