mn

Pasir, 20, 171, 196, 516, 546.

Pasoeroean, 20, 197, 242, 245, 287, 515,
580.

Passo de Bagoeala, 159, 405.

Patani, 56, 151, 515, 538, 3577, 418.

Patna, 155, 192, 222, 280, 3576.

Pau, 238.

Pauw (P.), 65, 158.

Pavillioen (A.), 69, 167, 180, 188, 208,
221, 3506, 319, 550, 551, 555, 558,
5753515, 577.

Pedel (W.), 77, 411.

Pegu, 56, 71, 75, 97, 98, 169, 185, 186,
555, 574, 576.

Peirak, 12, 65, 157, 210, 275, 277, 507,
555558.

Pekalongan, 92, 197, 198, 242, 245,
287, 288, 298, 299, 3514, 315, 578,
579, 418, 420.

Pekin, 78, 117, 587,
411.

Pembenaar, 180, 38.

Peper-baai, 52.

588, 590, 591,

Perzie, 4, 8, 25, 59, 76, 82, 97, 98,

105, 115, 140142, 147, 157, 161
16N, 170, 171, 176178, 186, 190,
194, 207 209, 225 225, 227, 259,
256, 241, 248, 259, 260, 264
271. 279, 280, 507, 318- 3523, 3525,
528, 529, 552, 554556, 546, 348,
549, 558, 3559, 564, 3566, 367, 370,
577.

Picquel (M.), 255.

Pietersz (G.), 259.

Pikat, 286.

Pimelepatnam, 57.

Pipeli, 64, 65, 75, 154, 155, 225.

Piscadores, 17, 22, 587.

Pit (L.), 17, 18, 55, 55, 76, 119, 129,
154, 155, 168, 190, 192, 194,
207.

, (L.) de jonge, 264.

Poeate, 251.

Google

REGISTER VAN PERSONEN- EN PLAATS-NAMEN.                457

Poeloe Ai, 518.

 Kali, 115.

p  Rhoen, 7, 11, 16, 18, 28, 54,
125, 128, 241, 290, 297, 500,
3501, 504.

 Taran, 317.

 Timon, 386, 389.

 Tjinko, 76, 84.

Point de Gale, 96, 140, 146, 147, 167,
181185, 225, 227, 273, 527529,
557, 558, 562564, 368.

Polen, 567.

Pomenili, 275.

Ponepili, 97.

Pontang, 54, 255, 245, 271, 290.

Poolvoet (E.), 42, 88, 106, 201, 385
586, 592, 595, 595.       7

Porka, 144, 145, 180, 256, 261, 262,
551, 560, 564, 372, 410.

Porto-novo, 11, 48, 55, 65, 72, 1853,
186, 272, 275, 3508, 551,  554,
575.

Portugal, 106, 144, 529, 554, 556.

Portugeesche kerk te Batavia, 159.

Portugezen, 5, 15, 41, 55, 56, 59, 60,
72, 74, 110, 115, 136, 145, 150, 156,
160, 166, 175, 182, 184, 210, 255,
256, 260, 262, 265, 266, 276, 282,
285, 507, 529, 555559, 346, 3557,
584, 407, 418.

Priaman, 5, 49, 65, 84, 125, 198, 258,
550.

Pringga Djaja (nachoda), 517, 518, 565,
400.

Prinsen-eiland, 32, 174, 191.

 Straat te Batavia, 157.

Proba Negara (pangeran), 86, 247.

Probe (Q.), 575.

Punto das Palmeras, 225.
     Pedras, 56, 69, 70, 167 169,
174, 188, 208, 209, 275, 528, 329,
561.

Pyl (L.), 179,
