424

Angga Praia (kiai), 62.
Angk, 50.
 (rivier), 187.
Anthonio (redoute), 412.
Antongil (baai van), 40, 41.
Appeldoorn (B. A.), 158, 174.
Arakan, 58, 74, 75, 9799, 169, 186,
191, 192, 216, 226, 255, 267, 275,
274, 509, 555, 574, 406409,
415.
 slers, 154.
Arckel (J. van), 542.
Ardes (A), 76.
Ari-onton, 255.

Baboelchan, 65.
Babel, 409.
Babtista (J.), 417.

Backer (G.), 75, 274, 311.

Bacquier (M. du), 508.

Bahrin, 164.

Bajang, 258, 515.

Baldeus (d), 528, 548, 569.

Rali, 56, 123, 125, 196, 240242, 278,
280, 281, 286, 315, 577.

Banda, 7, 8, 12, 13, 18, 62, 122, 127, 128,
158, 159, 206, 207, 251, 252, 286, 291,
297, 299504, 512, 5316318, 559
341, 343, 544, 557, 566, 404, 414,
417.

Bandjermasin, 20, 25, 28, 55, 54, 56, 66,
8082, 93, 114, 125, 155157, 152,
158, 186, 196, 241, 245, 257, 280, 285,
286, 288, 296, 515, 315, 540, 551
353, 377, 380, 400, 406, 419.

Bantal, 124.

Bantam, 2, 5, 6, 7,
27, 28, 30,
49, 52, 54,
82, 85, 85,

16, 18, 20, 22
41, 42, 47
57, 58, 65, 6870,

95, 95, 101, 102, 107,

’

109, 110, 115, 121 124, 127, 154,

Digitized by GO   gle

REGISTER VAN PERSONEN- EN PLAATS-NAMEN,

 Aripo, 180.

Aroe-eilanden, 122, 170.
Arosbaja, 51, 125, 151, 197, 242, 287,
514, 515.
Asahoeloe, 556, 405.
Aseloeloe, 159.
Asem (intje), 88.
Aliensa (F. de), 26.
Atjeh, 9, 48, 56, 74, 84, 106, 177, 185,
186, 210, 211, 259, 247, 267, 276,
279, 307, 312, 524, 550, 553, 555
557, 559, 550, 3555, 3835.
 -nezen, 5, 210, 258, 258, 275, 512-

157, 139, 147, 151, 157, 174,

187, 189, 197, 198, 200, 208,

212, 215, 228, 252254, 258, 241 -

245, 247, 248, 253, 271, 279,

287, 290, 294, 297, 298, 501,

505, 506, 510, 511, 514, 516

529, 545, 551, 552, 565, 572,

580, 382, 385, 400, 406, 410,
415, 419.

Bantammers, 154,

Barampoer, 525.

Barbados, 29.

Barbaket (hoek van), 48, 157, 210.

Barmilipa Poele, 180.

Barin, 567.

Barneveldt (fort), 205, 417.

Barocha, 229, 251.

Baron, 200.

Baros, 19, 86, 125, 259, 240, 312.

Barra (J.), 119, 150, 171, 264.

Bartelsz (J.), 25, 158.

Bartisi, 160.

Basalore, 145.

Basoera, 140, 141, 165, 176, 177, 261,
267, 270, 520, 524, 567.

Bassuy (D. de), 163, 521.

135, 159, 187, 200.

Original from
UNIVERSITY OF WISCONSIN
