498               REGISTER VAN PERSONEN- EN PLAATS-NAMEN.
266, 268, 270, 274, 279, 297, 500,  276, 290, 294, 297, 500502, 504,
517, 520, 522, 529-551, 558, 345,   507, 309, 510, 518, 320522, 524,
5bl, 575, 416.  529551, 554, 537, 559, 545, 547,
Engelschen, 5, 7, 11, 16, 18, 2729,   548, 557561, 565, 568, 569, 572,
54, 355, 44, 45, 49, 52, 54, 56, 58,   574 -576, 582, 586, 592, 594, 405,
68, 70, 75, 85, 85, 88, 91, 92, 95,  415, 416.
98, 101, 102, 123, 154, 156, 142, Enkhuizen, 190, 405.
144, 145, 149, 155, 157, 164167,  Erguese (J. d’), 25, 99, 198, 204.
170, 174, 180, 182, 185-187, 191,  Estachan (sjah), 58, 59, 42, 45, 155, 267,
194, 209, 210, 212, 215, 220 -222,   520.
225, 2355, 254, 256, 241, 245 -248,  Kstechaerchan, 268.
251, 261, 262, 266, 268, 271, 274 Europa, 521, 525.
Es
Faber (C.), 119, 120, 129. Firando, 110.
Faringo, 198.                    Flodorp (J.), 574.
Ferment (D.), 152, 155, 158.         Floor (S.), 166.           .
   (G.), 152. Formosa, 4, 102, 117, 588, 411.
 (9), 30, 52, 47, 53, 174, 255, Fortuyn (J.), 255
541, 408. Frankrijk, 55, 525, 567.
Fernandes (M.), 507.                Franschen, 40, 41, 110, 261, 521, 522,
Fila Fonoha, 41.                  269, 575.
Filo Horwa, 40. Frontenius (F.), 57, 75.
Gr
Gadoeng, 124, 196.                266, 276, 329, 3354, 355, 558, 559,
Gaesdinchan, 141, 176, 3525.            572, 376.
Gaillaert (A), 138.                  Godsken (Y.), 542, 343, 546, 547, 569.
Galere, 556.                   Goens (R. van), 3, 6, 69, 70, 75, 140,

Gallettes (de), 167,

Gama-lama, 14.

Gamron, 74, 140,
227, 269, 270,
549, 567.

Ganges, 154, 156, 211, 226.

Geel (C. L.), 15, 16, 25, 204, 292.

Gelderland (punt), 158.

Geldria (kasteel), 575.

Gerwits (J.), 414.

Gibon (H.), 125.

Goa, 48, 142, 143, 166, 185, 245, 265,

528,

320, 321, 323-325,

Digitized by GO   gle

141, 165165, 176,

142147, 149, 150, 165

169, 177184, 188, 194,

208, 209, 221, 256, 257,

260 264, 268, 506, 309,

519, 321, 526529, 555,

534, 543, 547, 548, 357

            364, 566, 368, 369, 373,
574, 598.

      de jonge, 264.

 Goeree, 359.

, Goesli Agoeng, 281.

 Golkonda, 55, 72, 74, 97, 155, 168, 169,

Original from

UNIVERSITY OF WISCONSIN
