REGISTER VAN PERSONEN- EN PLAATS-NAMEN.

Latoe, 206.

Latoeale, 285.

Lavey (G. de), 417.

Lebehoe, 206.

Lee (F. van der), 76.

Leendersz (L.), 140, 142, 145, 161, 166,
171, 260, 266, 554, 376.

Leitimor, 291, 557, 404.

Lemmes (GJ), 28, 34, 114, 136, 157, 158,
187, 296.

Leonardis (A. de), 517.

Lescot (J.), 225.

Leser (C.), 412.

Leti, 505.

Leypsig (J.), 557.

Lhaer, 164, 165, 567.

Lier (A. van), 556.

Lifau, 160, 282.

Ligor, 28, 90, 174, 211,
559, 395, 595.

Lima (negory), 252.
 (F. de), 521.                1

276,             558,

455

' Lindius (C.), 517.

Lingkis (krang), 5961, 69, 414.

 Lipoei, 78, 118, 387 590.
Lock, 63, 106, 113, 157, 210, 276, 507,

55b, 557.
Loehoe, 206.
Loekapoeloe (eiland), 159
Lokomsant, 142, 265.
Lole, 160, 285.

 Loloda, 292.

Londen, 73, 3521.

, Loo (J. van), 152.
, Lopes (M.), 420.

Lopez (B.), 248, 279, 415.

Lot, 49.

Louis (L.), 74.

Lucasz (A), 174, 211, 555.

Lukapinja (eiland), 500, 404.

Lusipara, 81.

Luton (D.), 25, 50, 51, 58, 62, 79, 81,
82, 104, 148, 550.

MM.

Maas (de), 86.

Macao, 7, 48, 51. 55, 69, 78,
210, 276, 277, 285, 3556,
3546, 372, 584.

Madagascar, 29, 359, 40, 177.

Madoure, 146, 150, 168, 256, 237,
274, 508.

Madras, 350, 3531, 375.

Madrespatnam, 194, 550, 537,
592, 394.

Madura, 51, 36, 66, 124, 242,
314.

Maerle (G. van), 581.

Maerschalck, 85.

Maes (J.), 275.

Maetsuyker (W.), 119, 150, 581.

Mahomed Bakar, 5392 594.

Mainstone, 200, 3501, 5853.
DAGH-REGISTER ANNO 1665.

261,

386,

287, 288,

Google

Majoeta, 5, 49, 84, 257, 258, 258.

Makasar, 7, 8, 12, 15, 16, 18, 21, 28,
53, 354, 56, 5860, 62, 66, 6871,
75, 76, 80, 122, 128, 156, 157, 150,
158161, 196, 200, 205, 204, 207,
212, 214, 255, 254, 241, 250, 251,
253, 257, 281, 286, 290, 299, 500,
3515, 345, 351, 565, 565, 580, 414, 419.

Makasaren, 8, 15, 15, 59, 68, 128, 156,
158, 202, 281, 282, 295, 501, 505,

337, 3545, 582, 405, 414, 418.

Makian, 205, 294.

Makisser, 303, 344.

Malabar, 35, 4, 74, 142146, 165, 167
169, 177, 185, 184, 208, 209, 222,
224, 236, 256, 260, 261, 265-266,
270, 271, 280, 526, 327, 329, 543,
347, 3558, 3559, 3561, 569, 572.

28
