REGISTER VAN PERSONEN- EN PLAATS-NAMEN.

DD.

3566
Dacres (H.), 5, 6, 9, 14, 19, 29, 50, 96,
258.
 (J), 6, 74.

Daelen (P. van). 158.

Dalen (A. van), 224, 225, 229.
Dam (J. van) 158, 149.

Datis (J.), 137.

Deenen, 50, 74, 91, 96, 118, 127,
129, 143, 147, 165, 186, 192, 253,
Delft, 15, 25, 168, 175.
317.

Demak, 21, 52, 106, 131, 135, 146, 177,
178, 190, 203, 204, 211, 212, 219,
241, 245, 253, 264, 265, 274, 279,
9296, 298, 302, 3504, 3553, 354, 361.

Denemarken, 98, 115, 122, 317, 3531,
552, 5337, 559, 544, 349.

Dias (N.), 16.

Dico (D.), 231.

Diest-poort, 25, 51, 89, 112, 128,
179, 180, 205, 206, 227, 246,
506, 307, 5356, 349, 562.

Dirata, 162.

Diringo, 21, 53, 131, 152, 176,
242, 244, 263, 265, 301, 302,
333, 354, 361.

Disponteyn (D.), 157, 195.

Djaja Soeta, 309.

Djambi, 19, 50, 62, 67, 69, 74, 86,

eee eee

128, 146, 166, 177, 178, 204, 256,
252, 258, 285, 522, 540 545.

Djambineezen, 196, 201, 256.

Djankoenang, 263, 266, 3355.

Djoeana, 63, 88, 105, 109, 151, 153,
146, 176, 178, 202, 204, 219, 242,
244, 268, 2635265, 298, 503, 504,
535, 335, 558, 360.

Djohor, 20, 52, 86, 128, 146, 163,
166, 195, 201, 236, 258, 322, 541,
543.

Djotan, 88.

Does (J.), 137.

Dolingh, 159.

Domong, 109, 263, 332.

Dompo, 224, 228, 229, 241, 275, 281
283, 549, 350, 355567.

Doorn (A. van), 2, 5961.

Doornick (B.), 144, 225, 267.

Dorre (J. van), 15.

Dubbeldekop (W.), 8, 226.

Dubois, 35, 36.

Duizend-eilanden, 50.

Dupree (D.), 95, 140, 164, 298.

Duran (G.), 127, 194.

Dussen (L. van der), 28, 193.

Duyst van Voorhout (J.), 8.

Dwars iu den Weg (eiland), 121.

106,  Dycke (G, 29, 50, 74, 75.

Ei.

Eeckeren (W. van), 59.
Eggers (H.), 532, 340.
Elmers (P.), 129, 151.

Engeland, 1, 14, 18, 19, 25, 350, 42, 48,

99, 120, 129, 185, 236258, 254, 557.
Engels (T.), 60, 67, 1358.
Engelschen, 6, 9, 11, 14, 17, 18, 25, 29,
30, 56, 37, 46, 48, 50, 68, 59, 62,
67, 68, 73575, 8082, 84, 90, 91,

Digitized by Google

j

9699, 101, 103106, 114, 118, 119,

121, 123, 129, 130, 139, 147, 159,

188, 192, 207, 208, 216, 220, 235,

241, 255, 256261, 276278, 285,

288, 290, 293, 294, 305, 310, 3518,

5324 526, 3528, 529, 342, 543.
Enkhuizen, 16, 25, 168, 174, 218.
Estultst (J.), 250.

Original from
PENN STATE
