REGISTER VAN PERSONEN- EN PLAATS-NAMEN

Soela-eilanden, 42.

Soembar, 21, 535, 108, 110, 131, 152,
177, 178, 202, 204, 245, 244, 264,
502, 504, 334, 359, 561.

Soembawa, 228, 264, 275, 282, 504,
555 357.

Soemoer, 204.

Soengi-pago, 164.

Soerabaia, 21, 52, 53, 86, 102, 109, 110,
119, 129, 151, 141, 177, 178, 202,
2035, 242, 245, 261, 264, 266, 277,
278, 305, 5355, 359, 3560.

Soerate, 13, 18, 69, 9799, 104, 107,
118120, 122, 125, 192, 208, 2357,
255, 258, 259, 263, 268, 269, 272
274, 286288, 298, 515, 514, 521,
555, 549.

Soesoehoenan, 60, 115, 117, 129, 141,
145, 150, 165, 185, 190, 211215,
219, 250, 254, 260 265, 274, 276
280, 285, 285, 295, 508, 311, 518,
519, 323, 524, 547, 548.

Soliman (radja), 161.

Soolmans (J.), 7, 99, 100, 129, 145,

225, 226.

Soury (J.), 156.

Spanje, 98, 120.

Speelman (C.), 35, 105, 129, 159, 186,
191, 224, 228, 229, 241, 276, 277,
279, 515, 558, 544, 550, 556.

Spreeu (A. J.). 512.

Spyck (J. van der),
257.

Steenhof (B.), 68, 74, 75, 104, 115, 118,
119, 158.

8, 124,

575

St Helena, 149, 150, 152, 155, 171, 186,

211, 220, 285, 289.

S' Martin, 156.

St Nicolaas-baai, 68, 520.

St Thome, 9, 29, 201, 208. 24, 261,
279, 288, 322, 326, 549, 350.

Stoffels, (A), 102.

Straat Banka, 27, 28, 350, 52, 59, 60, 66,

76, 106, 294, 296, 524, 337.
 Malaka, 295.
 Palembang, 297.
 Soenda, 5, 7, 9,
31, 40, 68, 74, 75,
104, 114, 115, 121,
167, 188, 201, 208,
289, 531, 3558, 544.

Strandwyck (G. de Davidt), 256.

Struys (A.), 8, 127, 156, 144, 192, 226,
227, 252.

Sumatra's Westkust, 359, 94, 115, 154,
155, 160, 161, 189, 190, 201, 207,
227, 289, 524, 550.

Suyker (L.), 200.

Swaen (J.), 157.

Swart (C. J), 2, 4, 9, 10, 15, 16, 18,

27, 28, 52, 41, 61, 67, 74, 75,

80, 95, 95, 9799, 104, 118,

123, 130, 174, 181, 191, 194,

207, 216, 284, 285.

 (J.H), 96, 97.
Swemen (van), 70, 76.

153, 16, 27, 50,
90, 95, 96, 97,
125, 145, 149,
220, 284, 285,

Symons (H.), 226.

. (M.), 96, 97.
Symonsen (S.), 7.
Sytjens (P.), 226.

rr.
Tadoenang, 53, 131, 204, 249, 265, 266,  Taioean, 1, 2, 5, 16, 19, 40, 50, 76,

302, 335, 360.

Tagal, 21, 62, 53, 86, 88, 109, 131,
132, 176, 178, 202, 204, 242, 244,
264, 265, 302, 3504, 333, 334, 359,
361.

Google

80835, 95, 96, 106, 196, 198, 528,
529. - Zie ook: Formosa.

Tambalang, 110.
Tanara, 52, 86, 108, 151, 188, 192, 205,

208, 242, 501, 553, 559.

