REGISTER VAN PERSONEN- EN PLAATS-NAMEN.

DD.

566
Dacres (H.), 5, 6, 9, 14, 19, 29, 5O, 96,
258.
 (J.), 6, 74.

Daelen (P. van). 158.

Dalen (A. van), 224, 225, 229.
Dam (J. van) 158, 149.

Datis (J.), 137.

Deenen, 50, 74, 91, 96, 118, 127,
129, 149, 147, 165, 188, 192, 255,
Delft, 15, 25, 168, 175.
517.

Demak, 21, 52, 106, 151, 133, 146, 177,
178, 190, 202, 204, 211, 212, 219,
241, 245, 23, 264, 265, 274, 279,
296, 298, 502, 504, 555, 554, 561.

Denemarken, 98, 115, 122, 317, 551,
552, 557, 339, 544, 549.

Dias (N.), 16.

Dico (D.), 231.

Diest-poort, 25, 51, 89, 112, 128, 155,
179, 180, 205, 206, 227, 246, 267,
506, 307, 556, 549, 562.

Dirata, 162.

Diringo, 21, 55, 131, 152, 176, 178, ,
242, 244, 265, 265, 501, 502, 504,

35353, 554, 561.
Disponteyn (D.), 157, 195.
Djaja Soeta, 209.
Djambi, 19, 50, 62, 67, 69, 74, 86, 106,

128, 146, 166, 177, 178, 204, 256,
252, 258, 283, 322, 540 345.

Djambineezen, 196, 201, 256.

Djankoenang, 2635, 266, 335.

Djoeana, 53, 88, 105, 109, 131, 132,
146, 176, 178, 202, 204, 219, 242,
244, 258, 263265, 298, 502, 504,
35355, 535, 558. 360.

Djohor, 20, 52, 86, 128, 146,
166, 195, 201, 256, 258, 322,
3545.

Djotan, 88.

Does (J.), 137.

Dolingh, 169.

Domong, 109, 263, 352.

Dompo, 224, 228, 229, 241, 275, 281
285, 549, 550, 355357.

Doorn (A. van), 2, 5961.

Doornick (B.), 144, 225, 267.

Dorre (J. van), 15.

Dubbeldekop (W.), 8, 226.

165,
3541,

Dubois, 35, 56.
, Duizendeilanden, 50.
Dupree (D.), 95, 140, 164, 298.
Duran (G.), 127, 194.
, Dussen (L. van der), 28, 195.
Duyst van Voorhout (J.), 8.
Dwars in den Weg (eiland), 121.
Dycke (G., 29, 50, 74, 75.

E.

Eeckeren (W. van), 59.
Eggers (H.), 552, 540.
Elmers (P.), 129, 151.

Engeland, 1, 14, 18, 19, 25, 50, 42, 48, '

99, 120, 129, 185, 236258, W54, 557.
Engels (T.), 60, 67, 158.
Engelschen, 5, 9, 11, 14, 17, 18, 25, 29,
50, 56, 37, 46, 48, 50, 58, 59, 62,
67, 68, 7575, 8082, 84, 90, 91,

Google

9699, 101, 105106, 114, 118, 119,

121, 125, 129, 150, 139, 147, 152,

188, 192, 207, 208, 216, 220, 255,

241, 255, 256261, 276278, 285,

288, 290, 295, 294, 505, 310, 518,

5243526, 528, 529, 542, 543.
Enkhuizen, 16, 25, 168, 174, 218.
Estultst (J.), 250.
