3564

Bandaneezen, 2351, 252.

Bandjar, 65, 110, 131, 176, 201, 204,
241, 244, 264, 265, 502, 303, 555,
360.

Bangai-eilanden, 42, 45.

Bangi, 560.

Banka, 62, 114, 122, 327.

Bantam, 1, 2, 4 -7, 9-11, 15, 16-20,
24, 27352, 40, 41, 50, 51, 54, 55,
59, 61, 62, 67, 68, 7575, 80, 84,
8688, 90, 91, 93, 9599, 101,
105-105, 107, 108, 114, 118 -121,
123, 126151, 159, 141, 142, 145,
147, 149, 150, 167, 172, 174, 176,
178, 181, 188, 190, 191, 195 -195,
2035, 207, 208, 216, 224, 232, 233,
239, 240, 243, 244, 247, 248, 251,
252, 255 260, 262, 264, 265, 276,
285, 289, 295, 301, 303, 505, 311,
517, 319, 520, 524, 526, 529, 531 333,
337-340, 545, 344, 346, 548-550, 359.

Barckin, 253, 255.

Baron (S.), 80, 81, 85, 84, 93, 96.

Baros, 24, 25, 29, 350, 162, 324.

Bartelse (C.), 241, 289.

Bastiaens (D.), 230.

     (N), 254.

Bastoek (R.), 5, 6.

Batang, 21, 1355, 266.
 (eiland), 294.

.   kapas, 157, 161, 162,

Batikaloa, 313, 3559, 3549.

Batjan, 42, 47, 280, 290, 294.

Batoei, 294.

Baukes (N.), 157, 226.

Beeck (D.), 150.
 (H. van der), 51.

Bekasi, 166.

Belgica (kasteel), 128.

Bellasore, 3509.

Bengalen, 3, 22, 39, 92, 191, 192, 195,
200, 201, 215, 216, 253, 260, 280,
287, 288, 309, 312-3514.

Google

REGISTER VAN PERSONEN- EN PLAATS-NAMEN.

Bengkalis, 146.
Benninckhuys (J.), 8.

 Bent (F. L.), 260.

Bergen, 168.
Besche (M. de), 19.
Biliton, 122, 127, 146, 185.

' Bima, 21, 63, 141, 195, 224, 227229

241, 268, 275, 281- 283, 355, 349,
550, 355 557.

Bimelepatnam, 538, 349.

Binongko, 36, 37.

Biring, 164.

Block (A.), 225.

Bock (J. de), 218.
 (P. de), 213, 275, 315, 326, 556.

Bodong, 131, 152, 176, 178, 203, 204,
243, 263, 266, 5302, 5304, 5335, 359, 5360.

Boeloe-boeloe, 131.

Boentoeale, 516.

Boer (K. de), 157.

Boeton, 11, 21, 34357, 41, 43, 44, 202,
213, 276, 290, 291, 304, 535.

Bogaert (A.), 104, 208, 279, 280, 286,
287.

, Bombay, 99, 521.
, Bomeny (J. de), 125.

Bommer (H.), 289, 301.
Bonang, 21, 263, 553.
Bondoe, 298,

Bone, 302.

Bongai, 291,

 Bonthain, 315.

Boon (J.), 289, 3501, 340.

Bop (A), 8.

Borneo, 186, 187, 244, 348360.
Bornezee (M), 225.

’ Bort (B), 9, 50, 69, 96, 100, 127, 166,

195, 256, 261. 279, 285, 284, 297,
310, 313, 314, 321, 325.

Boulan (J. de), 137.

Boumeester (J.), 144, 226.

Brahan, 21, 205, 243, 263, 501, 504,
3552.
