REGISTER VAN PERSONEN. EN PLAATS-NAMEN.

Brakel (J.), 236.

Brbs, 153, 245.

Breen (G. van), 156, 226, 241.
Brevinck (A.), 8, 73, 124, 195, 526.
Briel (den), 104.

Broot, 158.
Brouwer (L.), 548, 549.
Brouwers-zand, 331.

365

Brummer (J.), 85, 330.
Brummer (L.), 156, 137.

 Brussel, 283, 305.

Bruyn (J. de), 158, 226.
Bruyningh (A.). 209, 226.
Buitenwacht, 166.

Burgh (A, van den), 146, 279.

C.

Cabrael (A), 230.

Caeff (W.), 5, 6, 9, 16, 18, 19, 24, 28,
32, 50, 61, 67, 68, 7575, 30, 90,
91, 96, 98, 103105, 114, 118, 119,
121, 126, 127, 129, 159, 145, 147,
149, 167, 168, 188, 192, 207, 208,
224, 252, 235, 259, 247, 257, 317,
520, 326, 348350.

Caesar (M.), 58, 124, 142, 168, 294,
327, 328.

Camphuys (J.), 15, 6565, 72, 80, 121,
168, 528.

Campo (D. del), 250.

Cardosa (J.), 159, 220.
 (N.), 138.

Caron (F.), 501.

Carpentier (J.), 6.

Carpius (A.), 50.

Castel (du), 70.

Cau (J.), 159.

Caulier (J.), 286, 287.

Ceilon, 7, 17, 18, 76, 86, 104, 168, 171,
172, 188, 192, 200, 201, 208, 209,
211, 255, 265, 268270, 274, 285,
285--288, 295--297, 301, 306, 311-514,
321, 322, 524, 326, 3358, 349.

Ceram, 294.

Cerammers, 357.

Cheribon, 20, 21, 52, 87, 88, 108, 110,
150, 155, 150, 176, 178, 186, 202,
204, 242, 244, 264, 265, 302, 304,
35553, 3355, 559, 560.

Google

China, 27, 28, 30, 128, 175, 335.

Chineezen, 1, 2, 5, 10, 16, 42, 49, 50,
59, 62, 67, 68, 91, 92, 97, 102, 117,
118, 128, 185, 197, 198, 208, 219.
235, 275, 344, 358.

Claesel (P. du), 138.

Cleyer (A.), 69, 70, 77.

Coeman (C.), 28.

Coersen (J.), 285.

Cole (A), 230.

Concordia (fort), 218.

Condee (G.), 226.

Coolman (J.), 138, 251.

 Cops (C.), 224, 225.

Corlee (C. O.), 54, 36, 295, 516.
Cos, 291.

 Costa (M. da), 167, 295, 311.
, Couper (J.), 24, 54, 58, 59, 62, 93, 101,

105,
141,
186,
219,
259,
280,
311,

106,
146,
193,
227,

117, 119, 120, 127,
147, 150, 165, 167,
194, 209, 212, 216,
240, 251, 365, 256,
261, 262, 268, 274, 275, 279,
285, 288, 295, 296, 298, 308,
512, 515, 522, 546.

140,
185,
218,
258,

' Couwenburgh, 276.

Cracouw (G.), 8, 156.
Craen (J.), 301.
Croutel (J.), 158,
Cuylenburgh, 51, 529.
