REGISTER VAN PERSONEN- EN PLAATS-NAMEN.

120, 127129,
150, 164, 165, 167, 176, 178,
186, 192194, 198, 201, 204, 209,
212, 213, 216220, 227, 255, 240,
242, 244, 251, 255, 255, 256, 258
262, 264, 265, 268, 274, 275, 277,
279, 280, 285, 288, 295297, 502,
304, 3508, 511, 512, 515, 520, 522,
3525, 326, 555, 554, 545, 546, 559,
560.

Javanen, 17, 25, 29, 5b, 59, 60, 89, 95,

151, 152, 140, 146,

185,

569

95, 96, 105, 104, 111, 112, 155, 140,
180, 188, 206, 215, 246, 252, 257,
267, 274, 307, 556, 544, 562.

Jongelingh (A.), 209, 226.

Jongh (D. de), 247, 260.
 (M. de), 44, 94.

Jonker (kapitein), 166, 252, 295, 525,
361.

Jonkersgracht, 54, 205.

 Juel (A.), 532.

Juriaensen (P.), 251.

KEK.

Kaap de Goede Hoop, 6, 27, 51, 115, 125,
125, 127, 147150, 152, 155, 167,
168, 170174, 210, 211, 220222,
241, 284, 285, 288, 289, 506, 561.

Kabeina, 56.

Kabo-kabo, 158, 160, 161.

Kaflers, 172,

Kalamata, 45, 291, 515, 516.

Kali-Anjar, 20, 21, 55, 178, 204, 264,

298, 501, 554, 559, 506.
p -Gangsa, 109, 177.
 -Woengoe, 86, 88, 202, 244, 265, 266,
301, 594, 552, 559, 560.

Kai-tsoe, 50, 62, 67, 735, 97, 192, 255,
259, 247, 252, 255, 257259, 520.
Kambodia, 20, 40, 52, 88, 94, 95, 108,

110, 3520.

Kanara, 300.

Kanton, 2, 91, 519, 320, 359.

Kar (J.), 157, 143, 225.

Karang-Anjar, 146, 253, 295.

Karas (berg), 162.

Karti Oetama (ngabehi), 114.
 Sedana, 140.

Kassidiala (krang), 511.

Kastilianen, 295.

Katauen, 20, 52, 152, 177, 178, 244, 3353,

Kawasa (sengadji), 295, 525.

Kdah, 69, 289, 297, 3521.

DAGH-REGISTER ANNO 1673

Google

Keerdekoe (S.), 91, 225.
Keizers-eiland, 295.

Kel (H.J), 254.

Kelang, 82.

 Kelck (D.), 8, 114, 144, 225.

Kendal, 86, 109, 176, 178, 202, 204,
242, 244, 265, 266, 502, 504, 552, 360.

Kepper (J.), 1358, 144, 226, 285, 501.

Kerseboom (S.), 168.

Kettingh, 159,

Keyser (L. de), 8, 156, 226.

Keysers (J.), 76, 104, 105, 137.

, Klaessen (B.), 8, 157.

 (L), 301.

Klein-fortuin (eiland), 511.
Klencke (H.), 7, 104, 129, 157.
Kleyer (A), 129.

Kock, 6.

Koedewar, 300.

 Koedoes, 21, 110, 179, 202, 204, 265,

502, 304, 559.

Koelon (pangeran), 50, 67, 74, 75, 99,
114, 118, 122, 129, 159, 147, 188,
192, 207, 208, 224, 252,

Koemoesia Tiko (kapitein), 165, 166.

Koepang, 167.

Koetlsjin, 69, 208, 271.

Koeverden, 286, 289.

Koksinga, 81, 519,

24
