568                   REGISTER VAN PERSONEN- EN PLAATS-NAMEN.

Banggai, 19, 22, 25.

Banka, 77, 111.

Bantam, 69, 12, 1416, 20, 2527,
30, 33, 39, 40, 47, 49, 52, 6264,
67, 68, 75, 79, 80, 82, 85, 86, 88,
9296, 100, 105-106, 108, 111,
116, 117, 121125, 128, 154, 156,
159, 149, 157, 158, 162, 172, 175,
176, 184, 197200, 202, 227, 228,
247249, W1, 253, 257, 259, 265,
282, 285, 285, 286, 290, 299, 300,
503, 305, 317, 518, 523, 526, 551,
552, 3535, 336, 542, 545, 546, 547,
352 564, 356, 367, 359.

Bantammers, 228, 248.

Baron (S.), 197-200, 227, 228, 297.

Baros, 357.

Bastink (L.), 49.

Batikaloa, 197, 285.

Batjan. 72, 74, 185, 266268, 281, 282.

Baukes (N.), 17.

Bax  (3),  27, 187, 195, 228, 285,
3507.

Beeck (D. van der), 155.
 (P. van der), 17, 47, 68, 95, 94,
100, 119, 124, 157, 160, 181, 242,
249, 278.

Beeckum (A. van), 17, 155, 159.

Been (J. A.), 216.

Bekasi, 6, 94.

Bellasore, 66, 542.

Belle (J. van), 546.

Bengalen, 10, 25, 56, 66, 78, 105, 108,
117, 147, 148, 154, 160, 175, 175,
179, 184, 198, 222, 226, 250, 277,
279, 280, 294, 295, 505, 554, 556,
541.

Bengkalis, 97, 556.

Bent (F. L.), 28, 65, 226, 231, 294,
298, 345.

Bergen-op-Zoom, 276.
Bibligamme (schans), 299, 545.
Biliton, 47, 112, 201, 255, 292.

Google

Bima, 8, 15, 2841, 453, 54, 56, 82,
165166, 169, 181, 182, 252, 257,
258, 260 262, 268276, 527, 559,
540, 355.

Binnendyk (J. C.), 165, 185.

Bitter (J.), 244.

Blauwes (J.), 93, 104.

Bock (P. de), 355, 41, 166, 167, 181,
182, 260 262, 269271, 275.

Bodong, 54, 98, 255.

Boegineezen, 30, 51.

 Boeloe-boeloe, 225.

Boeton, 1-5, 25, 31, 138, 176, 215,
265, 290, 528, 357.

Bol (J. J.), 224.

Bombay, 250.

Bommer (H.), 49.

Bonang, 178, 525.

Boni, 29, 31.

Bonthain, 29, 347.

Boogaert (A), 226, 286, 525, 550,
546, 347.

Borneo, 97.

Bornezee (M.), 109.

Bort (B.), 25, 69, 95, 124, 126, 155,
185, 196, 242, 276, 278, 280, 294,
297, 305, 555.

Bos (L.), 276.

Braham, 54, 252, 255, 527.

Brasilie, 189, 194.

Brbs, 52, 54, 175, 178, 255, 292
527, 555.

Breen (G. van), 159.

Bremer (A.), 542.

Brest, 68.

Brevink (A.), 835, 150, 186, 554.

Brouwer (Gouverneur Generaal), 297.

Brummer (L.), 12, 47, 49, 57, 66, 215.

Bruyn (J. de), 65, 92.

Bucquoi (J. de), 17.

Burg (P. van der), 188.

 Buysenem (W. van), 187.

