3576

REGISTER VAN PERSONEN- EN PLAATS-NAMEN.

PE

Paats (M.), 210.

Padang, 65, 82, 95, 97, 111, 115, 134, 155,
177, 203, 211, 255, 259, 265, 5327, 352.

Padjarakan, 524.

Palaka (radja), 28, 50, 31, 89, 224, 260,
299, 525, 350, 547.

Palembang, 17 47, 52, 54, 68, 7, 92
94, 96, 97, 100, 102, 104, 112, 115,
119, 124, 128, 155, 159, 141, 160,
176, 177, 181, 202, 242, 248, 249,
253, 254, 278, 292, 294, 525, 352, 555.

Palembangers, 172.

Paliakate, 6, 9, 18, 24, 9, 105, 106,
128, 129, 186, 197, 277, 278, 283,
284, 296, 297.

Palikol, 106.

Pamalang, 52, 54, 77, 96, 97, 111, 115,
141, 175, 178, 201. 204, 253, 255,
291, 292, 524, 527, 555, 357.

Pamanoekan, 54, 106, 139, 178, 202,
204, 255, 255, 291, 525, 527, 555, 357.

Panoelar (pangeran aria), 268, 280, 287.

Pantsiano, 19, 23, 215.

Parre (J.), 60, 69, 102.

Parve (D.), 155.
 (J.), 86, 91, 212, 263, 266.

Pasir, 97, 527, 557.

Pasoeroean, 255, 524.

Patani, 52, 75, 225.

Pauli (J. J.), 62, 65, 67, 68, 85, 184,
227, 518.

Pauw (P.), 55, 142, 253, 321.

197, 277, 278, 281, 285, 294, 297.
Payne (A), 198.
Pays (C.), 65.
Pegoe, 96, 127, 186, 3543.

 Pekalongan, 52, 54, 76, 77,98, 111, 115,

140, 141, 176, 178, 202, 204, 252, 254,
255, 291295, 325, 527, 555, 357.

Pereira (J.), 250, 352.

Perzig, 25, 28, 64, 65, 85, 85, 226, 25U,
2351, 280, 281, 294, 298, 545.

Pieterse (P.), 91.

Pikat, 272.

Pinongko (eiland), 2, b, 25,

Pit (L.), 64, 155, 188. 200, 555.

de jonge, 8, 286.

 (M.), 106.

Pits (J. J.), 65, 82, 95, 103, 134, 158,
211, 249, 250, 265, 280, 552.

Pittavin (B.), 17.

Planken (J. van der), 556.

Pleymouth, 286, 288.

Pluys (G. M.), 159.

Poeloe Amba, 556, 557.
 Tjinko, 250, 280.

Poerbaja (pangeran), 227.

Point de Gale, 27, 28, 147, 187, 195,
197, 228, 285, 545.

 Polen, 545.
 Pontang, 248, 543, 547.

    (rivier), 505.

Porto-novo, 12, 198, 345.

Portugeezen, 34, 75, 86, 95, 103, 106,
209, 250, 270, 282, 545, 3547, 559.

Pot (G.), 49, 119, 125, 172, 245, 248,
296, 545.

, Prinsen-eiland, 26, 47, 57, 65, 66, 81,
Pavilioen (A.). 6, 7, 9, 18, 106, 128, 186,

90, 523. 536.
Punto Palmeros, 66.
Putmans (J.), 155, 224, 286.
Puttelaar (A), 158, 196, 293, 552.
Pyl (L.), 277, 284.

Q-

Quinam, 204.

Google
