572                REGISTER VAN PERSONEN- EN PLAATS-NAMEN.

Hurt (A), 14, 69, 71, 154, 157, 158,  Huypen (L. van), 69
149, 185, 199, 248, 289, 548.     Huysman, 218.
 (MJ), 60, 86, 91, 102.

ne
Ilha de Galas, 554, 542.               Indy, 304.
Imbasadana, 15, 105, 108, 109, 158.    Isbrants (H.), 565.
Indragiri, 126.                      Ispahan, 298.

Indramajoe, 52, 54, 75, 77, 112, 115,  Issenwyk (H. L. van), 95.

140, 141, 175, 177, 201, 2352, 253,
255, 290, 292, 525, 527, 557.

J

Jacobs (T.), 210. 157, 138, 140,
Jafnapatnam, 9, 197, 277, 278, 284.       160, 162, 165,
Jager (H. de), 2853, 297. 185, 187189,
Jakatra (schans), 56, 79, 99, 144, 180,   211, 214, 215,

206, 256, 295, 329, 560.             246, 250, 252,
Jansen (O.), 551.                  274, 279, 285,

.  (S.), 183.                  295, 299, 504,
Jansz (J). 117.                        343, 555, 357.

Japan, 66, 76, 85, 95, 120, 121, 128, Javanen, 5, 6, 12,
145 147, 156-159, 161, 162, 169,  92, 9496, 99, 104,

171-173, 190, 3354 3537.       129, 137, 144,
Japaneezen, 175, 556.               185, 206, 211,
Japara, 8, 28, 55, 34, 41, 435, 52, 54,   304, 305, 317,

67, 71, 72, 77, 81, 82, 85, 8890,

99, 97, 102, 104 111, 116119, ' Joenan, 121.

EK.

Kaap de Goede Hoop, 8, 10, 12, 5759,  Kali-gangsa, 54.

11,
169,
196,
223,
254,
286,
523,

bo,
158,

227,
524,

66, 81, 110, 114116, 125126, 128, , Kalimata (kitjol), 265.

135, 151, 152, 184, 189, 190, 192  Kali-sapoe, 204.

149, 150, 158,
175, 178, 185,
197, 202, 204,
224, 229, 242,
258, 259, 262,
289, 290, 292,
524, 327, 330,

bl, 56, 79, 89,
105, 115, 128,
160, 175, 180,
256, 268, 295,
529, 550, 551,

559, 545, 558, 560, 565, 564.

195, 200, 215219, 221, 222, 227,    swoengoe, 54, 111, 113, 138, 11,
228, 242244, 279, 286, 288, 500, 176, 177, 201, 204, 232, 255, 254,
502, 306309, 316, 519, 520, 521, , 291, 292, 524, 528, 556, 557.

3552, 360.                     , Kambodia, 3545.
Kaitsoe (sjabandar), 162.              Kanara, 28, 245, 3545.
Kalamata (prins), 24, 224, 226. Kandang-auer, 52, 54, 111.
Kali-anjar, 177, 204, 253, 255, 525. Kandia, 187, 299.

Google
