REGISTER VAN PERSONEN- EN PLAATS-NAMEN.

3569

C.

Caeff (W.), 6, 8, 12, 1416, 25 27, 49,
67, 68, 80, 85, 86, 9295, 105, 116,
120, 1235, 154, 149, 157, 162, 175,
184, 185, 196, 198, 200, 227, 247- 249,

251, 257, 259, 266, 282, 285, 286,

299, 505, 517, 535, 542, 546, 554.

Caesar (M.), 66, 121, 128, 172, 555
557.

Camme (J. van der), 242.

Camphuys (J.), 128, 169, 170.

Caron (F.), 216.

Caulier (J.), 7, 277, 283, 297.

Geilon, 6, 9, 25, 27, 28, 44, 45, 4749,
69, 84, 85, 106, 115, 128, 147, 148,
153, 187, 189, 196, 197, 215, 228,

247, 276, 277, 280, 281, 285, 284,
294, 298, 317, 551, 556, 544, 545,
552, 560.

Celebes, 22, 29, 50.

Ceracroux (A), 105.

Ceram, 31, 249.

Ceram-laut, 5.

Charleroy, 125, 124.

Chatip (intj), 60.

252, 254, 255, 290, 292, 325, 327,
555, 357.

China, 15, 68, 76, 85, 95, 103, 121,
145, 162, 157, 158, 173, 177, 554, 536.

Chineezen, 12, 15, 50, 82, 96, 121, 1357,
156, 249, 282, 558, 552, 558.

Chinsjioe, 121, 157.

Claessen (B.), 17, 153.

Clant (J.), 60, 157, 222, 286.

Cochin-china, 545.

Concordia (kasteel), 186, 207, 210, 504.

Cops (J.), 155, 250.

Cornput (W. van), 19, 28, 72, 185, 211,
215, 224, 248, 264, 265.

 Coster (G.), 28, 29, 164, 166, 167, 182,

269, 275.

Coulster (J. van), 96.

Couper (J.), 107110, 116, 117, 137,
158, 149, 150, 160, 161, 165, 169,
183, 185, 187, 190, 197, 211, 214,
225, 229, 242, 247, 250, 252, 258,
260, 262, 279, 285, 289, 296, 299,
303, 325, 550.

Couwenburg, 351.

Cheribon, 62, 64, 75, 77, 97, 98, 111, ' Coyet (F.), 249.
113, 159, 141, 175, 178, 202, 203,  Gracouw (G.), 155.
Ei me

Dacres (H.), 117, 129, 198, 282,
500, 305, 531, 552, 3525b4.

Daguiar (B), 108, 109.

Dam (J. van), 559.

Dame (H.), 199.

Damme, 149.

Danisborg, 318.

Deenen, 12, 67, 68, 73, 80, 95, 109,
158, 173, 249, 257, 282, 505, 3517,
554.

Delft, 48, 57, 58, 149, 151, 200,
218, 221, 310, 315, 520, 552.
DAGH-REGISTER ANNO 1675,

215,

Google

Deli, 52, 255.

Demak, 52, 54, 77, 82, 89, 108, 111,
118, 119, 158, 140, 141, 163, 176,
178, 202, 203, 225, 252, 242, 252,
253, 255, 279, 290, 292, 525, 527,
556, 557.

Denee (J.), 158.

Denemarken, 62, 65, 67, 68, 80, 85, 149,
518, 556, 543, 347.

Deneyn (P.), 224, 525.

Diemen (A. van), 91, 101.

; Diestpoort te Balavia, 45, 56, 79, 96, 99,
24
