578

Singlamong, 145, 146.

Siombo, 354.

Sipragi, 527.

Siwagi, 28, 545.

Sluyter (C.), 121, 200.

Smith (A), 16.

Snickers (J.), 17.

Soela-eilanden, 19, 22, 25.

Soemba, 269, 270.

Soenibar, 52, 54, 77, 98, 111, 115, 139,
141, 176, 178, 202, 204, 255, 291,
292, 325, 327, 555, 357.

Soembawa, 7, 8, 29355, 35, 56, 58, 59,

kl, 54, 165168, 182, 257, 268, 269,
272, 273, 327, 3559341, 355, 3557.
 Steenhof (B.), 162.

Soemoer, 52, 54, 176, 177, 355.

Soerabaia, 77, 82, 107, 109, 111, 158,

159, 141, 176, 177, 187, 201, 2053,

253, 255, 290, 292, 525, 327, 555.

Soerate, 8, 60, 64, 65, 68, 76, 8585,
99, 100, 103, 104, 117, 120, 154,
147, 155, 155, 172, 198, 226231,

248, 250, 257, 259, 265, 277, 280,

REGISTER VAN PERSONEN- EN PLAATS-NAMEN.

Span (H.), 200.

Spanjaarden, 86.

Spanje, 20, 86.

Speelman (C.), 2, 4, 7, 8, 29, 34, 40,
42, 63, 137, 195, 200, 224, 274, 506,
359, 353, 564.

 Sprong (C. van der), 552.

'Spyck (J. van der), 59, 121, 155, 188,
218, 317, 3453.

S' Helena, 81.

S' Jago, 154, 196, 215, 286.

St Nicolaas-baai, 27, 5, 352.

' St Thom, 6, 7, 9, 18, 20, 43, 106, 110,

285, 284, 297.
St Vincent, 332.

Steerlinx (A), 159.

Sterrevelt (E. van), 28.

Stevens (H.), 545.

Straat Malaka, 155.

Straat Soenda, 8, 16, 27, 43, 45, 65, 90,
116, 117, 125, 128, 154, 149, 189,
215, 215, 242, 285, 286, 519, 321,

283, 294, 297, 299, 528, 556, 545. 5235, 545, 552.
Soera Wangsa (kiai), 12, 15.           Strantwyk (G. de David), 17, 157.
Soesoehoenan, 5, 12. 82, 89, 105, 109, Struys (A.), 82, 89, 137, 145, 146, 159,
138, 161, 163, 187, 214, 225, 229, 160, 185.
242, 250, 252, 258, 268, 287, 524, ' Strykersbergh (A.), 17.
330.                          Sukkelenburg. 257.
Soeta Taroena (kentol), 252.            Sumatra’s-Oostkust, 126.
Solor, 54, 213, 304, 528.                  -Westkust, 65, 82, 86, 95, 105,
 (klein), 54.                104, 134, 165, 211, 212, 249, 250,
Sonhius (J. B), 218.                  257, 259, 265, 266. 280, 282, 298,
Sonmans (M.), 49.                     331, 552.
Sonnebaiers, 207, 209, 210.            Swart (A. J.), 200.
Soolmans (L.), 1553, 158.                Sweers (C.), 542.
Soury (J.), 16, 137.
KE:
Tack (F.), 111, 286.               141, 175, 177, 201, 205, 252, 254,
Tadoenang, 201, 252, 254, 557.          255, 290, 292, 325, 3527, 555, 557.

Tagal, 52, 54, 75, 77, 96, 98, 112, 159,

Google

Tahi (intje), 25.
