570

143, 144, 177, 180, 206, 256, 295,
529, 560.

Dinela (J.), 159.

Dinkels (H.), 546.
 (J.), 155, 159, 218, 286.

Dioe, 85.

Diringo, 54, 203, 292, 3527.

Djambi, 15, 49, 68, 95, 117, 119, 125,
136, 184, 245, 248, 250, 251, 296,
536, 545, 546, 554, 355.

Djambineezen, 248, 546, 554.

Djankoean, 556.

Djasoeta (kentol), 105, 162, 242, 252.

Djilolo, 267.

Djoangen, 527.

REGISTER VAN PERSONEN- EN PLAATS-NAMEN.

252, 255, 255, 262, 290, 296, 524,
525, 355, 557.

Djohor, 15, 52, 54, 75, 156, 525, 546, 556.

Djohoriten, 126, 248, 546.

Doen (J.), 201.

Does (J.), 153.

Doeta Wangsa (kiai agoes), 94.

Domong, 55, 118, 138, 524,

Dompo, 29, 50, 52, 53, 5545, 163,
165167, 269, 272, 273, 340.

Dubbeldekop (W.), 17, 65,69, 90, 107, 555.

Dugheyn (J.), 249, 265, 267.

 Duitschland, 122.

Dularay (G.), 297.

Dupr (D.), 67, 88, 211, 214, 224, 229,

Djoeana, 54, 98, 115, 119, 158, 140,       247, 252, 258, 260, 262, 279.

161, 176, 177, 201, 204, 214, 225,   .  (P.), 187.

EE.

Eeuwigh (T. van), 111, 542.           Engelschen, 12, 20, 66, 68, 753, 86, 91
Egberts (H.), 342.               95, 109, 117, 162, 173, 184, 228,
Elmers (P.), 153.                  248, 249, 257, 282, 555, 543, 363.
Elmets (.), 529.                     Englis (J.), 26, 86, 198.
Engeland, 4, 15, 16, 20, 67, 101, 117, (J.B. ab), 546.

122, 151, 152, 154, 149, 158, 196,

198, 218, 227, 244, 247, 248, 250,

251, 282, 552, 556, 547, 555, 561, 565.
Engels (J.), 80.

 (T.), 155, 158, 552.

Enkhuizen, 45, 45, 4749, 57, 58, 127,
128, 201, 310, 515, 521.

Es (J. van), 597.

Everts (D.), 158, 162, 182.

E',

Faria (J. P. de), 199.
Favorel, 251, 257.

Fentsel (H.), 554.
Fernando (S.), 169.

Fernie (D.), 276.

Fido (J.), 27.

Fikat, 167.

Firando, 156.

Fokin, 121.

Fonteyn (L.), 68, 149, 556.

Google

Fortuyn (J.), 256.

Francen Holsteyn (J.), 5, 29, 51, 52,
5558, 41, 163-167, 181, 182, 257,
258, 268-270, 272, 273, 275.

Frankrijk, 7, 20, 62, 75, 101, 122, 124,
151, 152, 184, 3545, 561.

Franschen, 4, 12, 20, 21, 27, 67, 68, 75,
80, 86, 106, 122, 175, 189, 227, 228,
248, 249, 257, 282, 299, 547, 559, 565.

Franx (G.), 21, 22,

