REGISTER

VAN

PERSONEN- EN

PLAATS-NAMEN.

A.

Aaldorp (J. van), 155.

Aartsink (W.), 45.

Abbema (S.), 148, 200, 506, 508, 555.

(IJ.), 64, 251.

Abdoe’l Djamal (pangeran ratoe Sultan),
102, 135157.

Abessini, 59, 60, 159, 229, 250.

Ade, 63.

Adelaer (S.), 517, 518, 556.

Aditara, 3504.

Aefsadsid, 61.

Alam Sadsid, 61.

Alfoeren, 199, 249.

Alvis (P.), 248.

Alor, 504.

Alxmeyer (C.), 542.

Amabis, 207, 209, 210.

Amarasi, 209.

Ambon, 3, 8, 13, 22, 25, 67, 69, 70, 72,
74, 104, 107, 154, 1357, 158, 149, 176,

199, 2135, 224, 248, 255, 267, 268,
282, 289, 525, 527, 329, 546-548,
3551.
Amsterdam, 10, 26, 4548, 57, 58, 67,
150 152, 190, 192, 200,
207, 216, 218, 227, 244,
249, 262, 279, 288, 296,
500, 509-512, 519, 55

551.
(sultan), 185, 211, 212, 224,

225, 264,
Anam Kokong, 88.
Anachilly (radja), 65, 70, 72.
Angk, 106, 180, 265, 560.
(riv.), 552.
Anjer, 66, 76, 201, 285, 505.
Antjol (riv.), 552.
Arakan, 176.
Armenier, 60, 61.
Arosbaia, 159, 176, 255, 255, 299, 324.
Atjeh, 17, 55, 141, 204, 556, 556.

B.

Bakari, 215.

Bali, 55, 1358, 168, 176, 202, 252, 255,
3525, 556.

Balineezen, 51, 187.

Banda, 63, 67, 6972, 81, 154, 149,
161, 176, 185, 185, 190, 196, 199, j.

Google

202, 226, 227, 260, 286, 292, 525,
327, 350, 546549, 559, 360.
Bandjar, 77, 98, 111, 158, 141, 175,
177, 202, 204, 291, 292, 526, 327,
556, 357.
Bandjermasin, 95, 117, 556, 540.
