REGISTER VAN PERSONEN. EN PLAATS-NAMEN

Soela-eilanden, 42.

Soembar, 21, 53, 108, 110, 131, 1352.
177, 178, 202, 204, 243, 244, 264,
502, 304, 334, 359, 561.

Soembawa, 228, 264, 275, 282, 3504,
566 357.

Soemoer, 204.

Soengi-pago, 164.

575

S' Helena, 149, 150, 152, 1535, 171, 186,
211, 220, 285, 289.

S' Martin, 136.

S' Nicolaas-baai, 68, 320.

St Thome, 9, 29, 201, 208, 254, 261,
279, 288, 323, 326, 349, 3550.

Stoffels, (A.), 102.

Straat Banka, 27, 28, 30, 32, 39, 60, 66,

Soerabaia, 21, 52, 53, 86, 102, 109, 110, :

119, 129, 151, 141, 177, 178, 202,

2035, 242, 245, 261, 264, 266, 277,

278, 303, 333, 359, 360.

Soerate, 13, 18, 69, 9799, 104, 107,
118120, 122, 123, 192, 208, 237,
253, 258, 259, 263, 268, 269, 272
274, 286288, 298, 313, 314, 521,
5355, 349.

Soesoehoenan, 60, 115, 117, 129, 141,
145,
219, 250, 254, 260263, 274, 276
280, 285, 285, 295, 308, 311, 318,
319, 323, 324, 547, 348.

Soliman (radja), 161.

Soolmans (J.), 7, 99, 100, 129, 145,
225, 226.

Soury (J.), 156.

Spanje, 98, 120.

150, 165, 185, 190, 211-213,

Speelman (C.), 36, 105, 129, 159, 186,

191, 224, 228, 229, 241, 276, 277,
279, 315, 358, 344, 350, 556.
Spreeu (A. J.). 3512.
Spyck (J. van der),
257.
Steenhof (B.), 68, 74, 75, 104, 115, 118,
119, 158.

8, 124,

76, 106, 294, 296, 524, 557.
 Malaka, 295.
 Palembang, 297.
 Soenda, 5, 7, 9,
31, 40, 68, 74, 75,
104, 114, 115, 121,
167, 188, 201, 208,
289, 331, 558, 544.

Strandwyck (G. de Davidt), 236.

Struys (A), 8, 127, 156, 144, 192, 226,
227, 252.

Sumatra's Westkust, 39, 94, 115, 154,
155, 160, 161, 189, 190, 201, 207,
227, 289, 324, 530.

Suyker (L.), 200.

Swaen (J.), 157.

Swart (CG. J.), 2, 4, 9, 10, 13, 16, 18,

27, 28, 52, 41, 61, 67, 74, 75,

80, 95, 95, 9799, 104, 118,

125, 130, 174, 181, 191, 194,

207, 216, 284, 285.
 (J. H.), 96, 97.

13, 16, 27, 30,
90, 95, 96, 97,
125, 145, 149,
220, 284, 285,

Swemen (van), 70, 76.

256,

Symons (H.), 226.
(MM), 96, 97.
Symonsen (S.), 7.

. Sytjens (P.), 226.

rr.

Tadoenang, 53, 131, 204, 243, 2653, 266,
302, 355, 360.

Tagal, 21, 52, 63, 86, 88, 109, 151,
1353, 176, 178, 202, 204, 242, 244,
264, 265, 302, 3504, 3533, 534, 559,
561.

Digitized by Google

Taioean, 1, 2, b, 16, 19, 40, 50, 76,
8083, 93, 96, 106, 196, 198, 528,
529. Zie ook: Formosa.

Tambalang, 110.

Tanara, 52, 86, 108, 151, 188, 192, 2053,
208, 249, 301, 353, 3569.

Original from
PENN STATE
