REGISTER VAN PERSONEN- EN PLAATS-NAMEN.

Majodsche eilanden, 75.

Makasar, 2, 5, 69, 19, 21, 25, 26,
295352, 56, 4244, 46, 47, 49, 55,
56, 58, 65, 66, 69, 75, 76, 79, 82,

85, 95, 94, 96 -99, 101 105, 111,

115, 120, 121, 129, 139, 140, 145,
144, 146, 1501535, 160, 172, 175,
175178, 181, 190, 191, 194196,
198, 199, 202, 229, 2352, W55, W42
244, 348, 249, 265, 271 276, -Bl, 285,
286, 504, 510, 512, 318525, 526,
531, 352, 308, 3540, 541, 544, 546,
550, 551, 558, 362364, 566-575,
317, 378, 582, 3585, 585, 388590,
595, 596, 597, 410, 412, 417, 419,
421, 425426, 450, 451, 454, 458,
445, 445D 448, 462464, 408, 469,
475, 476, 480482, 484, 456 --490,
495, 497.

Makasaren, 19, 20, 42, 45, 198, 27 1

275, 322, 571, 414, 485.
Malabar, 7 170, 414. 41, h
Malaka, 1, 4, 5, 17, 18, 25, 50,

55, 55) 69, SO, 89, 08-100.

107, 110, 111, 124126,

140, 144, 145, 151,

166, 175, 174, 181,

207, 210, 211, 226,

244, 245, 255, 2

284, 507, 508, 5

553, 341, 351, 555, 51

580, 582584, 5   5

400, 406, 425, 452

444, 445, 454, 465, 465,

495, 496, 497.

Maldiven, 143, 166, 207.
Maleiers, 280, 362, 481.
Mamoet (dang), 480.

 (karre), 469,

488.

Manaba (dang), 482.

105
158,
165,

154,
160, 161,
187 190,
229,

Manase (galerany), 468, 481, 484.
Mandarsjah, 7679, 95, 96, 97, 519,

Digitized by Google

ee ee ee eee ee ee en eee

 Marchier (G. B), 9
 Mardijkers,

dt,

522-524, 564, 447, 448, 481, 482,
456, 457.
Mandive, 152.
Mandeli (krang), 468, 481 484
Mandhar, 43, 161, 275, 571.
    (radja), 568.
Maneter, 225.

Mangarai, 184, 2   2
Mangaroe (dang), 482.
Mangiko Noeste (dans), 481.
Mangopo (dang), 481, 4S2.

Manila, 2, 26, 50, 47-49, 52, 58,
65, G9, 82, 83, 88, II,
155, 217, 255, 257,
510, 578, 482.

Mantsje Louwe, 481.

Manuels (D.), 548.

Manuelsz (J. C.), 549.

59,
95, 100, 110,
265, 265, 285,

112,
253.
13,
495,
Marion, 74.
Maroenda, 316.
Maroepa (dang), 451.
Maros, 150, 191, 310.
Marotto (M. F), 265.
Martina Vaz (eiland), 548.
Maslupatnam, 61, 200.
Massis (J.), 444, 477
Masulipatnam, 61, 154,

118, 1    149, 167, 208,
245, 265, 284, 517, 555, 554,
580,     410, 422, 459, 465,
498.

160, 248, 3501,

311, 407, 408, 452, 453, 456.

Mataram, 8, 53, 4b, 117, 121, 129, 150,
136, 157, 159--141, 145, 144, 151,
155. 157, 159, 161, 172, 189, 191,
195, 194, 197, 199, 272, 275, 507,
558, 541, 344, 3557, 558, 3561, 562,
575, 583, 588, 406, 409, 410, 412,
415, 428, 446, 460, 467, 471.

Matoelong dang), 482.
Matthyssen (J.), 126.

Original from
PENN STATE
