REGISTER VAN PERSONEN- EN PLAATS-NAMEN.

Taelman (C.), 340.

Tafel-baai, 75, 216, 220, 248.

Tagal, 64, 89, 108, 110, 152, 146, 164,
184, 205, 231, 252, 245, 267, 282,
284, 313, 315, 35352, 561, 376, 595,
397, 418, 420, 437, 458, 460, 495,
497.

Takolonda, 321.

Tambalang, 65.

Tamboekoe, 252.

Tamelaba (krang),

Tamsoei, 296.

Tanakeke, 257.

Tanara, 20, 52, 105, 152, 147, 160, 515,
396, 398, 418, 456, 496.

Tanelte, 275, 480, 482.

Tangblan, 35.

Tangerang, 55, 52, 89,
227, 231, 244, 255,
376, 378, 3595, 418,

Tangkal, 228.

Tartaren, 294, 297 500.

Tegenepatnam, 60, 62, 286, 508.

Tello, 76, 77, 79, 275276.
 (krang), 103, 104, 582, 586, 587.
 (radja), 468470, 475, 480485.

Telolo (dang), 480, 482.

Terhorst (H.), 86, 87, 182, 186, 529,
3359, 357.

Ternate, 6, 19, 32, 33, 43, 44, 7678,
95, 96, 97, 104, 120, 121, 129, 140,
177, 181, 236, 237, 242, 245, 249,
275, 518, 319, 321524, 544, 564,
369, 385, 406, 408, 427, 451, 446,
448, 449, 468, 470, 476, 481, 485
490.

Terribi Gampo (radja), 565, 566.

Texel, 27, 57, 305.

Theems, 27.

Theunisze (P.), 55.

Thim (F.), 95.

Thomasz (A), 126, 348, 375.

    (G.), 349.

480.

164, 207, 226,
515, 552, 550,
420, 456, 461.

Digitized by Google

515

Thyssen (J.), 20, 86, 87, 94, 125, 126,
198, 201, 202, 209, 212, 214, 216,
220, 224, 229, 341, 345.

Tidore, 44, 242, 249, 569, 385, 589, 590.

Tikoe, 277.

Tima (kapitein), 227.

Timin, 97.

Timor, 6, 7, 22, 42, 76, 89, 177, 184,
185, 206, 232, 245, 249, 21, 267,
980, 281, 338, 364, 396, 424, 459,
462.

Tisna Djaja (kiai demang), 507.

Tjerita, 35, 52, 64, 90, 152, 164, 205,
266, 282, 313, 3352, 436.

Tjiasem, 20, 21, 55, 56, 51, 55, 65, 65,
88, 91, 109, 110, 132, 153, 146, 147,
164, 166, 183, 185, 204, 206, 231,
932, 244, 245, 267, 282, 284, 515,
514, 331, 333, 350, 353, 377, 578,
396, 597, 418, 420, 456, 458, 461,
463, 495, 497.

Tjilimajoe, 3555.

Tjiringin, 21, 55, 52, 64, 109, 152, 147,
152, 184, 205, 229, 282, 550, 418,
436, 463.

Toeban, 66, 418, 421.

Toelang-bawang, 9, 41, 58, 69, 100.

Toeratea, 19, 43, 44, 96, 139, 257, 275,
510, 482.

Toli-toli, 43.

Tolowan, 290.

Tomboekoe, 97.

Tombolo (galerang), 468, 481, 484.

Tomi, 487.

'fompo (krang), 198.

Tonero, 370.

Tongkal, 405.

Tonkin, 4, 58, 69, 89, 226, 229, 259,
340, 253, 58, 287, 303, 505, 506,
5135, 314, 334, 363, 454, 456 458.

Tontoli, 97.

Torbaja, 52, 64, 65, 89, 109, 110, 164,
244, 596.

Original from
PENN STATE
