503
252, 257, 245, 552, 365 -567, 569,
571, 577, 465, 487, 489, 490, 497.

Boetonners, 275.

Bogaert (A), 72, 128, 154, 189, 511,
5357, 574.

Boma Partiha, 569, 571.

Bombay, 9.

Bonang, 90, 109, 155, 166, 577, 596, ;
598, 418, 421, 457, 461, 465, 497.
Bone, 510, 468, 483.
 (radja), 570.
Bongaia, 77, 275, 520, 585,
Bongsoe (nachoda), 255.
Bonthain, 257.
Bonto Morana (krang), 567,
Boogh (A. van der), 106.
Borghorst (J.), 155, 175, 200, 202, 217,
255, 245, 286, 545, 556, 559, 426,
450.
Borneo, 42, 90, 156, 164.
Borth (B.), 1, 5, 50, 55, 55, 69, 98, 105,

569, 570.

REGISTER VAN PERSONEN- EN PLAATS-NAMEN.

255, 255, 270, 307, 518, 3525, 541,
555, 375, 383, 391, 425, 452, 453, 444.

Boulan (J.), 20, 95, 238, 3540.

Braham, 164, 532, 354, 551, 358, 378,
457. 462, 464.

Brants (H.), 100, 140, 145.

Brebes, 90, 551.

Breen (G. van), 258.

Bremer (J.), 86, 87, 529, 559.

Brevinck (A), 287.

Broeck (M. van den), 8, 20, 51, 41, 59,
80, 86, 100, 187, 225, 241, 529, 350,
584, 425, 446, 450, 451, 455, 456.

Brommer (L.), 94, 106, 201, 329, 559.

Brouwerius (D.), 255.

Brown (Q.), 20, 26.

Bruin (J. de), 456.

Brummer (L.), 5.

Brussel, 255.

Bruyn (G. de), 128.

Buren (punt), 357.

107, 124, 126, 145, 151, 160, 161,  Bwool, 43.
175, 188, 189, 194, 226, 229, 241, ,
CC.

Cabo Verde, 155.

Caeff (W.), 250, 251, 255
271, 275, 280, 281, 52
410, 412, 459, 467, 47
491, 493.

Caermont, 410.

Camphuys (J.), 258, 455, 455.

Campo (D. de), 549.

Car (J.), 95, 540.

Cardosa (J.), 549.

Caron (F.), 58.

Carpentier (R. de), 86, 94, 202.

Carper (J. P. van den), 76, 178, 564,
424.

Casembroot (J.), 91, 128, 148, 579.

Castel Rodrigo, 255.

Cau (J.), 42.

254, 270,
548, 409,

6,
1, 474, 475,

Digitized by Google

Cavitti (fort), 264.

Ceilon, 28, 56, 57, 60, 61, 75, 100, 101,
122, 126, 158, 144, 145, 153, 169
175, 190, 200, 202, 209, 218, 248,
508, 524, 537, 543, 345, 563, 574,
584, 414416, 424, 452, 435, 436,
441, 470, 475.

Celebes, 45, 162.

Ceram, 312, 443, 460.

Ceulen (W. van), 95.

Chambers (L.), 250, 254.

Chatham, 27.

Chave (M. du), 126.

Cheribon, 21, 56, 51, 55, 635, 65, 88, 91,
108, 110, 151, 155, 146, 147, 165,
185, 185, 204, 207, 231, 2352, 345,
266, 267, 283, 284, 512, 314, 552,

Original from
PENN STATE
