506

Housum (J. van), 86, 94.
Hurt (A.), 105, 161, 178, 196, 281, 545,
411, 429.

Ilha Brave, 28.
Imbasadana, 197,
558, 451.
Indragiri, 1, 1618.
.    (rivier van), 405.

198, 242 526, 541,

REGISTER VAN PERSONEN- EN PLAATS-NAMEN.

Hurt (M.), 61, 85, 124, 181, 241, 311,

584, 400, 411, 414, 454.

Huysman (.), 94, 3559.

108,
185,

146,
207,

148, 164, 166,
251, 255, 244,
245, 267, 282, 515, 551, 555, 550,
553, 376, 578, 595, 597, 419, 420,
457, 459, 460, 465, 495, 497.

110,
185,

152,
205,

Indramajoe, 20, 22, 52, 65, 65, 89, 91,  Indrapoera, 277279.

J-

Jacobs (A), 3549.

Jacobsz (F.), 349.
 (LL), 349.

Jacobsen (H.), 219.

Jafnapatnam, 80, 347, 565, 425.

Jakatra (schans), 24, 58, 46, 54, 67, 92,
112, 155, 149, 168, 186, 197, 208,
254, 246, 269, 285, 517, 556, 554,
581, 598, 599, 422, 440, 466, 499.

Jansz (A), 3549.

 (D.), 348.
 (3), 349.
- (L), 3549.

 (P), 5, 26, 281.

Japan, 4, 5, 23, 25, 52, 55, 40, 56, 68,

70, 71, 80, 84, 88, 91, 115, 151, 181,
205, 204, 211, 216, 226, 252, 255,
266, 270, 285, 292, 295, 299, 505,
508, 527, 540, 455, 454.

Japansch veld bij Batavia, 111.

Japara 7, 8, 19, 21, 50, 51, 55, 56, 41,
45, 53, 55, 56, 65, 65, 82, 85, 88,
91, 95, 94, 99, 101105, 107, 108,
110, 116118, 120, 121, 129151,
153, 136 143, 144, 146, 147, 150
1535, 159165, 172, 175, 175, 176,
183, 185, 187, 190, 191, 195195,
197199, 204, 206, 217, 251, WL

Digitized by Google

245, 249, 251, 267, 271, 272, 282,
504, 306, 307, 310512, 318, 526,
332, 354, 358, 340, 541, 345 3546,
550, 355, 557, 358, 360363, 374
376, 378, 382, 383, 385, 388590,
595595, 597, 400, 408, 409, 411
hl4, 417, 419, 420, 425426, 429
451, 434, 457, 438, 442, 445, 445
447, 450, 460, 463, 468, 476, 487,
490, 494.

Java, 242.
Javanen, 20, 22, 24, 58, 45, 47, 54, 66,

99,

198,
285,
599,
443,
499,

Jedo, 203.

Jochemsz (C.), 549.

Jongh (M. de), 120, 177, 181, 519, 564,
585, 406, 408, 412, 4135, 424, 425,
499431, 454, 470, 476, 480.

Jonker (kapitein), 476, 480.
 straat te Batavia, 315.

Josam, 497.

Jotang, 418, 420, 457.

111,
208, 227,
3512, 517,
409, 410,
445, 445,

135, 149, 168, 186, 192,
2355, 254, 246, 269,
558, 581, 595, 598,
422, 425, 451, 440,
446, 466, 468, 492,

Original from
PENN STATE
