REGISTER VAN PERSONEN- EN PLAATS-NAMEN.

507

ES

Kaap de Goede Hoop, 2629, 57, 75,

80, 100, 102, 115, 122, 125, 125,
1358, 154, 155, 169, 170, 173, 175,
200, 202, 209, 214217, 220, 255,
2435, 247, 248, 252, 255, 286, 505,
510, 526, 527, 341, 5435546, 548,
550, 555, 3556, 3558-560, 362, 3589,

. 584, 426, 428, 429, 450, 453, 455.
459, 475, 477, 479, 493.

Kabintaia, 569.

Kaidipa, 43.

Kai-tzoe, 105, 202.

Kajeli, 43, 97, 488.

Kalabong, 33, 54.

Kalamata (kitjil), 76, 79, 524, 468, 476,
480485, 485, 486, 488, 489.

Kali-anjar, 147, 164, 231, 244, 45,
267, 551, 3596, 420, 462, 464,
495.

 -sapoe, 418, 497.

 -woengoe, 59, 55, 89, 108, 120, 157,
141, 142, 147, 152, 164, 175, 184,
190, 205, 282, 502, 318, 542, 3551,
376, 462.

Kamauer, 462.

Kambodja, 4, 5, 55, 52, 65, 110, 251,

J,
244, 282, 514, 554.
Kampar, 245.
Kananoor, 188.
Kanara, 127129, 414, 416, 417.
Kandang-auwer, 464.
Kanton, 1114, 124, 125, 226, 2
270, 294, 295, 298, 29
Karang-sadoelang, 41.
Karingenang, 272, 504.
Karti Wangsa, 62.
Katauen, 35, 53.
Katoewon, 282, 284, 515, 314, 3554.
Kdah, 69, 8585, 125, 126.
Kelang, 68, 70, 71, 91, 117, 204, WI,
214, 287, 290, 291, 295-296.

Digitized by Google

Kemendipa, 97.

Kemoy, 297.

Kendal, 64, 110, 152, 147, 184, 552, 554,
418, 437, 458, 460, 465, 496.

Kerckmans (H.), 111, 515.

Kerk (Maleische) te Batavia, 406.

Kerper (J. van den), 177.

Kettingh (P), 5.

Keyser (J.), 22.

Klalakanko, 569.

Kleyer (A.), 258, 3559.

Knol (P.), 255.

Kobbe (B), 5.

Koedoes, 91, 184, 205, 207,
396, 398, 420, 461, 497.
Koetsjin, 28, 58, 127, 158, 211, 545,
3571, 572, 574, 416, 417, 455.

Koker (P.), 270.
Koksinga, 257.
Koloer (rivier), 157, 158.

576, :

Kolombo, 57, 127, 158, 153, 188, 189,
218, 557, 54b, 572, 425, 470.

Kombuis (de groote), 225.

Koolman (J.), 126, 575.

Korea, 204.

Koromandel, 9, 60, 80, 122-124, 156,
144, 154, 160, 161, 175, 174, 181,
187, 188, 190, 199, 202, 217, 248,
272, 286, 501, 504, 308, 516, 528
350, 357, 547, 5362, 565, 372, 406
408, 422, 424, 425, 453, 455, 456,
459, 441, 4423, 455, 456, 471.

Kotta-tengah, 277280.

Krakatau, 8.

Krawang, 20, 21, 55, 56, 51, 55, 65, 65,
88, 91, 108, 110, 1352, 133, 139, 146,
148, 164, 166, 185, 185, 205, 206,
231, 253, 244, 245, 266, 267, 282,
515, 514, 531, 5354, 5bl, 352, 577,
596, 597, 408, 409, 418, 420, 456,
458, 461, 465, 495, 497.

Original from
PENN STATE

