REGISTER VAN PERSONEN- EN PLAATS-NAMEN.

Pagerakan, 272.

Pahang, 90.

Pajenang, 277, 279.

Pakakoja, 482, 485.

Palaka (radja), 58, 79, 468, 469, 471,
476, 480, 482, 485.

Palembang, 9, 20, 34, 42, 51, 55, 55,
58, 61635, 65, 85-85, 88, 89, 91,
98, 100, 107, 110, 115, 121, 124,
126, 129, 151133, 146, 147, 156,
157, 166, 179, 181, 182, 184, 205,
206, 241, 244, 266, 282, 511,
525, 337, 347, 584, 388, 597,
400, 402, 411, 412, 414, 450,
462, 492, 495, 497.

Palembangers, 41, 69, 201.

Paliakate, 57, 6062, 80, 145, 154, 160,
188, 189, 199, 200, 202, 272, 286,
301, 308, 329, 347, 406408, 425,
4352, 43535, 455.           8

Pamadinga, 191.

Pamalang, 35, 36, 64, 89, 91, 109, 110,
1352, 147, 165, 185, 205, 252, 282,
513, 314. 3552, 534, 551, 5535, 571,
378, 595, 398, 418, 421, 456, 460,
464, 495, 497.

Pamanoekan, 21, 55, 56, 52, 55, 64, 65,
8991, 109, 110, 152, 135, 146,
147, 164, 166, 183, 185, 205, 206,
231, 232, 244, 267, 282, 515, 514,
333, 334, 351, 352, 3717, 578, 596,
397, 418, 420, 436, 458, 461, 465,
495, 497.

Panakoke, 566.

Panaroekan, 313, 377, 418.

Pantsiano, 43, 97.

Papangers, 126, 575.

Papenburg, 268.

Paramata, 126, 375.

Paranringan, 490.

Pardo (P.), 265.

Pareyra (J.), 495.

Pasaman, 277.

515,
598,
454,

Digitized by Google

511

Pasir, 21, 56, 205, 206, 252, 245, 459,
464.

Pasoeroean, 109, 184, 206, 596, 418, 420.

Patani, 21, 22, 36, 251, 420, 495.

Paternine Femanego (J. van), 260.

Patiakoenang, 272.

Patiane, 522.

Patingaloa (krang), 481.

Patiro (radja), 555.

Paulussen (P.), 219.

Pauw (P.), 22, 98, 111, 125, 154,
208, 214, 217, 245, 316, 550,
459, 455, 455, 456, 464, 479.

Pavillioen (A), 61, 62, 145, 154,
189, 200, 202, 272, 286, 529,
408, 425, 455, 455, 456.

Pays (M.), 447, 449.

Pearl (H.), 199, 254, 280, 281.

Pedel (W.), 50, 59, 167, 238,

Pegoe, 125.

Pekalongan, 52, 64, 89, 110,
146, 165, 184, 222, 225, 256,
5532, 554, 551, 5h5, 576, 578,
420, 456, 461, 495, 497.

Pekin, 270, 292, 294.

Penja (J. M. de la), 259, 261264.

Peper-baai, 8, 102, 281.

Pereira (.), 549.

 (GC), 548.

Perzie, 127, 145, 150, 167, 171, 172.
174, 188190, 218, 545, 588, 414,
415, 4355, 456, 470.

Philipijnsche eilanden, 255.

Pieterse (B.), 162.

Pietersz (F.), 598.

.   (3), 549, 375.
 (P.), 349.

Pit (L.), 86, 94, 152, 529, 559.

Pits (J.), 31, 59, 47, 158, 252, 276, 277,
302, 563, 407, 428, 456, 470,

Pitavin (A), 65, 87.

 (BE), 354.

Poeloe-moedi, 557.

167,
422,

188,
407,

55.

Original from
PENN STATE
