REGISTER VAN PERSONEN.

Bali, 42, 50, 64, 109, 152 147, 162,
165, 185, 205, 284, 514, 552, 551,

5717, 596, 419, 457, 462.

Balinezen, 111, 237.

Balon (M.), 259

Banda, 3, 19, 26, 32, 35, 59, 107, 120,
139, 161, 175, 176, 195, 256, 251,
255, 345, 577, 596, 411, 419, 429,
437, 459, 445, 450, 476, 490, 495,
494.

Bandanezen. 126, 575.

Bandjar, 108, 153, 164, 183, 204, 552,
591, 577, 597, 457, 462, 495.

Bandjermasin, 21, 89, 105, 110, 152,
207, 232, 578, 458, 464, 469, 497.

Bangaai, 96, 97, 488.

Bangkala, 43, 482.

Banka, 9, 69, 83, 106, 107, 118120,
155158, 200, 201, 205, 255, 282.

Bankes (N.), 258

Bantam, 1, 2, 6, 9, 19

3h, 36, 359, 41, 42, 47, 48, 51, b5,

58, 59, 63, 65, 69, 75, 82, 87, 88,
91, 100, 102, 105, 107, 108, 110,
116, 117, 121, 129, 151, 155, 140,
141, 143, 145, 148, 151153, 160
165, 169, 174, 175, 185, 185, 189,
196, 198, 199, 202, 204, 206, 214,

216218, 2235, 224, 226, 229, 251
253, 256-238, 245, 245, 248, 250

21, 25, 50, 51,

ee ne

254, 265267, 270273, 280 282,
284, 286, 5023504, 307, 510512,
326, 328, 3529, 331, 355, 557, 558,
541, 344, 348, 550, 555, 576, 578,
585, 595, 409, 410, 412, 418, 420,
425, 426, 456, 459, 447, 459. 461,
467, 471, 474, 475, 479, 401, 492,
496.

Baras, 176.

Barombong, 44.

Bata-bata, 139.

Batang, 152, 146, 166, 206, 552, 5

596, 419, 420, 462.

Digitized by Google

EN PLAATS-NAMEN.              501

Batjan, 6, 44.

Batoekeka, 482.

Bawean, 118, 1350, 151, 155.

Becker (J.), 241.

Beeek (DD. van der), 111, 211, 516.
 (H.  ), 87, 95.

Been (A. ee  ), 559.

Beest, 226, 241.

Bele (aroe), 482.

Bengalen, 8, 25, 80, 98, 99, 106108,
111, 124, 125, 142, 145, 155, 174,
181, 182, 187. 188, 190, 217, 257,
245, 249, 501, 516, 542, 555, 565,
575575, 580, 591, 452456, 441,

459, 465, 467, 498.
Bengkalis, 21, 55, 244,
Bernardus (FJ). 229.
Besei (krang), 481, 484.
Bevel (P.), 268.

Biliton, 85. 106, 118, 147, 155157,
166, 201, 282, 515, 558, 541, 551.
Bima, 42-44, 53, 121, 129, 161, 185,
245, 565568, 570, 571, 426, 457,

445, 469, 497.

Bingam, 476.
Bintang, 52.

Birei (krang), 468.
Bitter (de), 104.
Blauw (J.), 268.

266, 267.

Bodong, 552, 554, 596, 418, 457, 461,
496, 497.

Boeang, 164.

Boedoeng, 90.

Boeginezen, 45, 44, 58, 105, 150, 176,
191, 274, 555, 569.

Boelang, 405.

Boelekomba, 482.

Boeleleng, 50.
Boeloe, 97.
s -hoeloe, 45.

' Boeroe, 485.

, 20, 2)

Original from
PENN STATE
