b14

Soekadana, 427, 441, 495.
Soe-Ko, 229.
Soela-eilanden, 43.

Soembar, 64, 164, 184, 205, 282, 551,
534, 551, 352, 377, 378, 596, 598,
418, 456, 495, 497.

Soembawa. 184, 185, 252, 267, 546, 366.

Soemenep, 109, 146, 165, 185, 205, 245,
419.

Soemoer, 64, 132, 457.

Soengei-terap, 279.

Soerabaija, 90, 91, 108, 152, 146, 164,

166, 184, 205, 255, 245, 267, 282,
284, 515, 552, 351, 355, 576, 378, 596,
398, 418, 420, 456, 458, 461, 465, 497.

Soera Negara (kiai demang), 71, 72, 74,
131, 400, 405, 406.

Soerate, 56, 127, 128, 154, 150, 154,
170, 172, 174, 189, 190, 211, 275,
510, 511, 528, 557, 574, 414, 415,
455, 456, 442, 448, 456.

Soeria di Wangsa (kiai aria), 410.

Soesoehoenan, 8, 52, 45, 88, 104, 121,
129, 156, 157, 159141, 145, 144,
151, 155, 159161, 176, 189, 191
195, 197, 225, 242, 275, 504, 507,
525, 554, 558, 561, 562, 575, 585,
584, 588, 595595, 406, 408-414,
417, 428-450, 443, 445, 446, 460,
467, 471.

Soeta Naga (kentol), 541, 357, 561, 562,

515, 588, 595, 595, 400, 408, 409,
b11, 414, 417, 424, 429, 451, 445,
446, 486, 487.

 Praja (kentol), 541.

Solok, 310, 311, 321, 547, 457.

Solor, 7, 42, 97, 108, 177, 178, 551,
568, 457, 462, 487, 495.

REGISTER VAN PERSONEN- EN PLAATS-NAMEN.

Soma (fort), 366, 571.

Somar, 148.

Sonneman (J.), 35.

Sopeng, 45, 44, 275, 344, 483.

Soury (J.), 5, 72, 401.

Spanje, 49, 58, 60, 152, 258, 259, 265.

Spanjaarden, 257.

Speelman, (C.), 19, 26, 42, 44, 45, 76,
17, 82, 93, 96, 97, 99, 101, 105
105, 120, 139, 144, 150, 172, 176,
181, 191, 195, 199, 2357, 243, 249,
272, 274, 281, 286, 504, 310, 518
320, 522, 523, 351, 344, 346, 564,
565, 572, 383, 585, 586, 388, 417,
624, 431, 434, 443, 445, 468, 475,
4716, 480487, 489.

Spyck (J. van der), 209, 307.

Stadtlander (J.), 55, 3540.

Stappel (J.), 515.

Steenacker, 516.

Steenhoff (B), 117, 423, 470.

Sterckenburgh (J. van), 106,
558, 560.

Straat Soenda, 8, 26, 50, 59, 74, 75, 98, 99,
102, 108, 115, 120, 122, 124, 145,
152, 153, 169, 175, 189, 198, 202,
212, 229, 242, 281, 305, 508, 3510,
525, 326, 541, 345, 547, 548, 350,
556, 359, 560, 571, 582, 385, 410,
426, 428, 447, 455, 456, 460, 479, 491.

Straeten (D. van der), 78, 79, 120.

Struys (A), 34, 41, 87, 94, 95, 175,
530, 339, 540, 356, 406, 453, 492.

Sumatra's Westkust, 31, 353, 39, 47, 72,
74, 85, 94, 98, 104, 116, 150, 138,
162, 175, 196, 242, 252, 266, 276,
501, 502, 304, 305, 512, 362, 589,
592, 406, 407, 428, 453, 456, 470.

125, 157,

an

Tahoekan, 321.
Tadoenang, 22, 109, 155, 184, 205, 206,

Digitized by Google

366, 284, 358, 396, 591,
425, 451, 457, 461, 497.

11,

Original from

PENN STATE
