REGISTER VAN PERSONEN-

dir derd

555, 551, 553, 376, 378, 393, 595
597, 411, 419, 420, 457, 438, 460,
463, 476, 477, 495, 497.

Chiampa, 107, 129.
China, 2, 3, 9, 12,
204, 342, 556.
Chinezen, 1, 5, 47,
204, 207, 216,
291, 295, 299,
447, 455, 495.

Cleston, 258.
Glewerck (J.), 424.
Cloot (J.), 582, 3853.
Cnol (P.), 125, 560.
Cocq (P), 95.

Coley (P.), 95.

Colle (P), 3, 559

14, 25, 59, 41, 124,

121, 196199, 202,
254, 256, 257, 280,
510, 512, 411, 444,

EN PLAATS-NAMEN.

Columma (F.), 260, 262265.

Commersz (M.), 105.

Coocker (P.), 287, 299, 500.

Coolmans (J.), 258

Cops (J.), 107, 120, 159, 161, 175, 176,
526, 541, 427.

Corte Reael de Sampajo (M. de), 574.

Cos, 98.

Costa (A. da), 284.

’  (P. da), 549.

Couper (J.), 151, 155, 160162, 172,
175, 176, 187, 191, 558, 541, 415,
451, 447, 491.

Crabal (A.), 549.

Cracouw (G.), 340.

Craen, 98.

Cruys (H.), 80.                .

DD.

Dacres (H.), 479, 492.

Dam (J. van), 238.

Dampelas, 45.

Damsburg, 219.

Dangere (D.), 238.

Danseyro (D.), 159.

Dansser (P. de), 495.

Dassen-tiland, 479.

Deenen, 105, 117, 475, 491.

Delfresio (F. G.), 257259.

Delft, 27, 115, 125, 173, 174, 212,
215, 220, 224, 248, 545, 555, 582
428, 451.

Demak, 21, 56, 45, 64, 88, 91, 99, 109
110, 151, 146, 148, 159, 164,
176, 185, 185, 192, 195, 197,
205, 206, 229, 255, 24b, 267,
284, 504, 515, 515, 526, 552,
558, 541, 3550, 576, 578, 582,
598, 400, 409, 411, 414, 417,
420, 451, 457, 458, 445, 461,
486, 487, 490, 495, 497.

Dempo (radja), 569.

214

166
199
28
554,
595,
419,
464,

Digitized by Google

Denemarken, 219, 475, 491.

Dentus (J.), 219.

Deutjens (J.), 148.

Dias (N.), 3548.

Diestpoort te Batavia, 24, 38, 54, 66,67, 92,
111, 112, 155, 149, 168, 186, 208,
354, 246, 269, 284, 285, 517, 556,
554, 359, 581, 599, 423, 459441,
466, 499.

Diringo, 109, 110, 152, 146, 148, 165,
184, 185, 205, 252, 552, 5377, 596,
418, 420, 459, 461, 464, 497.

Dinckels (J.), 258, 359.

Djambi, 16, 17, 41, 42, 52, 58, 61, 64,

65, 68, 69, 72, 82, 84, 98, 105,
109, 126, 151, 155, 157, 151,
152, 160,      179, 180, 183,

228, 251, 257,

375, 282, 509,

504, 558, 541,

,    578, 385, 400- 405,

, 454, 454, 455, 475, 493, 495.

p    -nezen, 405, 405.

Original from
PENN STATE

