REGISTER VAN PERSONEN- EN PLAATS-NAMEN.

Madraspatnam, 79, 155.
Madura, 60, 208, 251, 254, 256, 280,
290, 298.
    (pangeran), 275.

Maetsuyker (W.), 7, 11, 58, 40, 52, 72,

155, 165.

Majoeda, 44.

Makasar, 4, 6, 7, 9, 16, 18-20, 25,
26, 58-45, 4952, 60, 67, 7275,
84, 92, 105, 105, 114, 116, 156, 142,
144, 149, 150,
198, 199, 208,
225, 229, 258,
251, 255, 256, 265268, 280, 284
286, 297, 298, 513, 315, 520, 521,
326, 3528, 529, 537, 362,
571.

Makasaren, 16,
285, 555.

Malabar, 21, 71, 114, 125, 156, 141, 177,
179, 2354, 2357, 244, 542.

Malaka, 2, 10, 11, 14,
710, 75, 7678, 8184, 88, 89, 94,
99, 109, 118, 122, 155, 144, 153,
154, 166, 171, 177, 201, 209, 221,
230, 251, 261, 265, 265, 272, 275,
276279,
505, 508,
552, 554,
3551, 362,

Maleiers, 190.

Maliapoera, 527.

Mallacca (J.), 206.

Mamoe (krang), 16, 17, 55.

Mandarsjah, 264, 265.

Manckhuys (G.), 95, 105.

Mandhar, 7, 100, 104.

Mangarai (eiland), 280.

Manginto, 44.

Manila, 54, 55, 59, 79, 81, 89, 98, 159,
160, 168.

Manjapa (dang), 285.

Manondjaja (kiai aria), 291 295.

209, 216,

19, 53, 90, 190, 284,

309, 511, 516-318, 527,
558, 341545, 547, 548,
566568, 571.

Google

162, 164, 165, 169,
219, 220,
24, 245, 247249,

570,
 Matthys (J.), 181, 182.

15, 24, 26, 51,

285, 292, 294, 296, 502,

585

Mardijkers, 28, 62, 86, 91, 112, 145,
172, 210, 232, 251, 257, 500, 575.

Marees (J. de), 185.

Marchier (CG. B), 162.

Marga-mati (kiai), 97, 101, 104, 150 152,
239, 241, 242, 245, 247, 248, 252,
282, 285, 288, 290, 346.

Maroenda, 359, 570.

Marotta, 44.

Martiny (C), 155.

Maskate, 245.

Masulipatnam, 70, 71, 120, 121, 502,
512, 526, 3352, 541, 550, 551.

Mataram, 4, 5, 88, 95, 98, 100, 115,
116, 120, 121, 198, 224, 227, 228,
238, 244, 280, 290, 324, 525, 545.

Matthysz (M.), 266.

Mature, 107, 108.

Maurice (pater), 261, 265, 272275, 282,
288, 292, 294 296, 52, 544, 563,
565.

Mauritius, 653, 260.

Meer (H. de), 155.

 (S.C. van der), 516, 517, 519.
Meerschen (J. van der), 74, 527.
Melnier (de la), 544.

Mendes (M.), 185.

Menjoela, 506.

Meyer (M.), 96.

Michiel, 167.

Michielse (J.), 241.

Middelburg, 251.

Middelpunt (het) te Batavia, 558.

Mindanao, 209.

Minjot (K.), 292.

Mocha, 71, 352, 535.

Mogol, 51.

Mol (CG), 10, 147.

Molenvliet, 292.

Molier (P.), 186.

Molukken, 8.

Monopin, 178, 189, 191, 192,
