578

Coornput (W. van den), 40, 42, 45.

Cops (J.), 6, 7, 5b, 72, 159, 174, 226,
550.

Cordero (Z.), 528.

Corle (C. O.), 162.

Cornelissen (W.), 265.

Couper (J.), 6, 72, 87, 88, 100, 101, 104,
105, 108, 115, 129151, 149, 164

166, 185, 198, 223, 258, 241, 242,

REGISTER VAN PERSONEN- EN PLAATS-NAMEN.

Cracouw (G.), 10, 147.
Craen (J.), 177.
Crieck (C.), 251.
Croes (J.), 242, 280, 289.
Cronenburgh, 65.
Croon (M.), 565.

 (S. P), 120.
Crose (de la), 275.
Cruypenningh (C.), 112.

Cruyskerk, 280.

Djaga Joeda (kiai), 241, 242, 247, 252.

Djambi, 15, 16, 24, 7577, 85, 159,
144, 167, 171, 186, 188, 195, 205,
216, 218, 221, 226, 255, 254, 265,
265, 293, 305, 504, 311, 512, 515
517, 519, 324, 327, 352, 554, 342,
35435, 547, 3554, 571.

Djoeana, 26, 84, 109, 142, 149, 164,
170, 171, 207, 209, 229, 250, 258,
254, 256, 297, 298, 556, 571.

Djohor, 24, 76, 126.

Djohoriten, 16.

Djotang, 27, 60.

Doerian (straat), 554.

Does (J.), 57.

Dompo, 18-20, 199201, 515, 321.

Doornick (B. van), 152.

Doot (G. J. de), 55.

Doren (A. van), 565.

Dorre (J. van), 565.

Dubbeldecop (W.), 10.

Duizend-eilanden, 3562.

 Dupree (D.), 25, 224.

244, 247, 248, 262, 281, 282, 289,
290, 520, 528, 529, 546.
DD.

Dacres (H.), 9, 52, 56, 92, 138, 159,

141, 152, 160, 250, 554, 3560,
367.
 (J.), 540.

Daelen (van), 199.

Dam (J. van), 240.

Dammer (eiland), 161.

Danisborg, 527.

Deenen, 16, 23, 52, 71, 87, 89, 97, 103,
150, 167, 272, 281, 290, 528, 532,
555, 560.

Denemarken, 9, 16, 33, 357, 327, 532,
355, 341, 345, 347, 355.

Delft, 199, 251, 562.

Demak, 25, 26, 60, 82, 84, 88, 110,
111, 116, 120, 129, 152, 134, 142,
170, 171, 207, 209, 229, 251, 254,
256, 271, 298, 515, 514, 536, 337,
511.

Deriboni, 207.

Dias (M.), 292.

Dico (C. J.), 135.

Diestpoort te Batavia, 28, 62, 86, 115,
146, 173, 211, 217, 235, 258, 501,

559, 572, 575.
Dingding, 277.

Diringo, 170, 208, 209, 229, 251, 254,

256, 297, 298, 556, 558, 571.
Disponteyn (D.), 87.

Google

Dussen (L. van der), 156, 226, 259,
262264, 275, 3502, 308511,
518, 519, 5532, 555, 342, 545,

240,
316,
548,

3549, 351554, 561.
Dwars in den weg (eiland), 261, 265,
272, 527, 528, 531, 555, 541.
