REGISTER VAN PERSONEN- EN PLAATS-NAMEN.

Soerabaia (pangeran), 247.

Soerate, 553, 54, 71, 75, 79, 114, 116
118, 120, 125, 156, 137, 159, 141,
166, 168, 176, 177, 188, 199, 206,
216218, 221, 223, 254257, 250,
253, 275, 276, 291295, 304, 317,
3541, 342, 565.

Soesoehoenan, 4, 5, 97, 100, 101, 104,
105, 115, 116, 121, 152, 155, 150,
154, 164, 224, 241, 242, 247, 520,
524, 525.

Soeta Wangsa (kia), 227, 228.

Solor, 5437, 297, 514, 515.

Soolmans (L.), 10, 140, 152, 177, 225.

Soury (J.), 148.

Spanje, 79.

Specx (J.), 180.

Speelman (G.), 6, 4245, 49, 51, 159,
140, 147, 152, 199, 218, 225, 234,
237, 241, 265, 267, 285, 284, 505,
550, 531, 3553, 3547, 550, 568.

Splinter, 161.

Spyck (J. van der), 215215, 558.

Stockvis (J. H.), 166, 167.

S' Jago, 99, 116.

St Nicolaas-baai, 8, 167, 240, 503, 3545,
547, 550.

St Thom, 525, 3527, 340.
Straat Banka, 128, 159, 178, 184,
192, 225, 265, 277, 279,
502, 309, 510, 515, 3517,
550, 553, 541, 547, 549,
555, 566.
 Doerian, 278, 509, 510.
 Madura, 242.
 Malaka, 108, 115, 275.
 Saboen, 12.
 Singapore, 262, 278, 295, 508
511, 548, 3552.
 Soenda, 32, 58, 71, 77, 99, 121,
122, 155, 159, 174, 178, 184, 185,
187, 192, 505.

Strantwyck (G. de Davidt), 10, 212, 225.

Struys (A), 70, 147, 152.

Sumatra’s Westkust, 11, 53, 75, 77, 106,
117, 161, 162, 186, 189, 222, 505,
306, 551, 5355, 554, 3562.

Suurmondt (O.), 217.

Swart (G.), 530, 551.

 (G.J), 344, 545, 547, 550, 561,
563, 567.
 (J.H), 547.
Sweeris (P.), 268.
, Swenne (E. van), 187.

189,
295,
525,
552,

T.

Tack (F.), 186.

Tadoenang, 26, 60, 170, 250, 254, 297,
299, 3536, 571.

Tagal, 24, 26, 59, 60, 85, 109, 111, 141,
144, 170, 171, 209, 229, 251, 254,
256, 297, 298, 356, 537, 570, 572.

Tagoelanda, 44.

Taioean, 64, 55, 101, 117, 158, 151, 160,
167, 169, 309, 540, 550, 566, 568.

Tamboeko, 42, 44.

Tamboelan, 111.

Tanara, 25, 58, 82, 109, 142, 170, 208.

Tandjoeng-laso, 49.

Google

Tanette, 7.

Tangeran, 59, 82, 111, 255,

Tapoeki, 507.

Tegenepatnam, 98, 114.

Teloeboe, 267.

Tengsoei (kiai loerah), 6, 22, 25, 259,
245, 247, 248, 259, 289.

Terhorst (H.), 10, 148.

Ternatanen, 50.

Ternate, 2, 4, 11, 15, 538-44, 47b1,
72, 92, 156, 159, 162, 164, 259, 264
268, 270, 290, 299.

Terville (H.), 10, 150.

556, 570.

