REGISTER VAN PERSONEN- EN PLAATS-NAMEN.

579

EB.

Eeuwigh (T. van), 186.

Elmers (P.), 140, 152, 177.

Engeland, 9, 16, 32, 33, 57, 5254, 99,
106, 116, 160, 167, 188, 192, 205,
206, 217, 221, 226,
273, 274, 276, 292, 295, 504, 509,
3512, 315, 520, 524527, 552, 546,
352, 554, 561.

254, 250, 255,

, Engelschen, 9, 16, 25, 29, 50, 35, 57,
 49, 71, 75, 79, 81, 89, 94, 105, 159,
151, 168, 169, 188, 205, 206, 220, 255,
273, 290, 295, 302, 3503, 311, 512,
315, 317-522, 5324 327, 531 355,
3535, 545, 544, 347, 561, 566 - 368.
 Enkhuizen, 161, 184, 562.

Europa, 99, 216, 227, 565.

E

Feron (H.), 181.

Frans (J.), 156.

Formosa, 151, 549.                 Franschen, 16, 25, 2951, 52, 54, 67,
Fraey (D.), 72.                     71, 75, 79, 81, 89, 99, 118, 125
Francen (C), 529.                 126, 128, 159, 147, 151, 155, 160,
(JI), 223.                168, 169, 205, 216, 220, 226, 250,
Francx (C), 11, 15, 358, 40, 41, 47, 72,    255, 261, 262, 265, 272276, 279,
159, 264, 265, 270, 290.             282, 290, 296, 502, 503, 509, 312,
Frankrijk, 106, 118,140,141,188,205,217,   3520, 521, 524, 327, 528, 351, 355,
250, 272, 275, 275, 276, 292, 295, 296,     545, 344, 3547, 3597.
309, 512, 315, 317, 320, 327, 540, 546.
Gr.
Galjettes, 107.                      272, 275296, 508, 323, 541, 562,
Gamron, 245.                         565.
Ganges, 366.                 Goens (R. van) de jonge, 14, 96, 107,
Gapi, 41.                           525, 362.
Garoeda, 207, 255, 256.              Goeree, 137.

Geesten (J. van), 129.
Gemoeroe, 75.
Ghysen (J. van), 544, 364.
Gilliam, 218.
Gillissen (A.), 88.
 (MJ), 514.
Goa, 141, 268.
 (Celebes), 198.
Godia Ebrahim, 19.
Godong, 207, 209, 2350, 298, 556.
Goens (R. van), 14, 352, 96, 107, 154, 175,
178, 179, 185, 192, 198, 261, 265,

Google

Goes (J.), 177.

Golkonda, 79, 525.

Gombong, 26, 82, 144, 256.

Gorontalo, 44.

Gosens (G.), 212.

Gotske (Y.), 63, 265, 548.

Goutsmith (E.), 565, 367.

Graeff (J. de), 12, 94, 177,

’s Gravenbroek (A.), 151.

Grimmel (T.), 198.

Grissee, 6, 17, 25, 25, 26, 52, 58, 60,
72, 85, 92, 95, 97, 109, 110, 142,

