576

Bandjar, 26, 61, 142, 144, 170, 171, 207,
209, 229, 251, 256, 297, 5356.

Bandjermasin, 286, 298.

Bangaai, 41, 371.

Banka, 9, 52, 71, 108, 115, 118, 125

128, 155,
189192, 279, 531, 555.
Bantam, 8, 16, 17, 24, 27, 29, 51, 52,
"37, 52b56, 59, 61, 66, 71, 75,
74, 1781, 85, 85, 8789, 91,
92, 94, 96, 98101, 105, 106,
109, 111, 114116, 118, 119,
122, 125, 138-142, 151155,

147, 151, 155, 158, 178,

159, 160, 162, 164, 165, 167

169, 171, 187192, 198, 205
207, 215218, 221, 226, 228,
250, 254, 259-241, 246, 250,
251, 255, 255, 256, 275, 289,
291, 295, 297, 299, 502, 504,
506, 507, 512, 515, 517, 518,
35223524, 526528, 550 555,

555, 540, 345545, 3547, 549,

3550, 355, 361, 565, 365 367,
3570.

p    -mers, 567.
Barbaquet (hoek van), 511, 548, 349.
Barents (A), 155.
Baron (S.), 29, 158, 151.
Baros, 59.
Bartelsz, 265, 266.
Bartheese, 42.
Bastinck (W.), 285, 285.
Batenburg, 217.
Batjan, 40, 41, 47, 264, 265, 269.
Batoe-besi, 508.

 -keka, 7.
Baukes (N.), 15.
Bax, 107.
Beck (H.), 344, 564.
Bedoela, 255.
Beeck (J.), 94.
Beek (J. ter), 119.
Been (A. van der), 258.

Google

REGISTER VAN PERSONEN- EN PLAATS-NAMEN.

Bekasi, 3570.

Bellasore, 77, 79, 89, 91, 95, 226.

Bendert, 242.

Bengalen, 11, 15, 58, 61, 71, 117, 145,
154; 168, 177, 212, 221, 222, 276, 277,
508, 318, 520, 342, 343, 566568.

Berbies (H.), 151.

Berghoge (D. H.), 120.

Beuckman (H.), 104.

Biligam, 107.

Biliton, 95, 118, 125126, 128, 189
192, 229.

Bima, 1820, 60, 84, 142 144, 199,

200, 206, 220, 242, 280, 297, 515,
521, 5358, 370, 571.
 (Sultan), 266.

Binckershoeck (M.), 177, 554.

Binoeang, 7.

Binongko, 49, 267.

Blauwet (J.), 112.

Bock (P. de), 515.

Bodong, 26, 170, 171, 229, 231, 254,
256, 298, 3570, 3571.

Boedjoe (negorij), 315.

Boegineezen, 200, 249.

Boeleleng, 242, 280.

Boeloe-boeloe, 60, 169, 255.

Boeton, 18, 26, 4045, 49, 50, 60, 145,
144, 161, 169, 207, 229, 256, 264
267, 270, 271, 298, 357, 571.

Bogaert (A.), 2951, 119, 176, 216, 254.

Bokshoorns, 548.

, Bolck (D. van den), 262.

Bombay, 120, 255.
Bommer (H.), 116.

Bonang, 26, 208, 209, 256.
Borges da Silva (J.), 148.

, Bornezee (M.), 161.

Bort (B.), 10, 12, 15, 51, 69, 70, 81, 82,
88, 94, 96, 119, 122, 155, 201, 221,
251, 261263, 265, 275, 276, 278,
285, 305, 308, 309, 511, 353, 341,
345, 548, 3551, 552.
