REGISTER VAN PERSONEN- EN PLAATS-NAMEN.

Japan, 11,
79, 81, 88, 95, 100, 117, 120, 121,
151, 152, 154, 138, 159, 147, 151,
152, 154, 156, 159, 160, 164, 167,
177, 182, 184, 196, 227, 228, 242,
252, 262, 278, 279, 516, 3517, 554,
5483555, 555, 557, 361, 366.

Japaneezen, 116.

Japansche veld (het) te Batavia, 176.

Japara, 4, 17, 2125, 26, 52, 60, 61,
67, 72, 75, 79, 82, 84, 8789, 91,
92, W97, 100, 101, 105, 104, 106,
108, 109, 115, 121, 129, 151, 132,
156, 142, 143, 149, 150, 165-166,
168, 169, 171, 174, 175, 185, 188,
197, 206, 209, 212, 219, 225, 229,

22, 32, 55, bb, 58, 67, 75, ,

581

241, 242, 244, 246,
256, 259, 262, 271,
289, 290, 292, 297,
298, 519, 524, 525, 328, 356, 557,
545, 546, Se 571.
 Japoan (J.), 267, 268.
j-eael, 4, ef 62, 81, 86, 99, 101, 105,
146, 150, 175, 188, 192, 211, 224,
2353, 258, 260, 281, 290, 501, 505,
529, 559, 3546, 347, 551, 553, 360,
513, 574.
Java’s Oostkust, 24.
 Jongh (H. de), 186.
 (M. de), 8, 75, 114, 198, 199, 216,
225, 242, 515, 528, 562, 365.
. Jonker (kapitein), 10, 181, 182, 569.

231, 238, 239,
248, 251 -2b4,
280282, 287,

KEK.

Kaap de Goede Hoop, 2, 15, 16, 51, 65,
65, 75, 77, 99, 106, 116, 122, 125,
129, 151, 153, 155, 1357, 140, 159,
161, 162, 175, 184, 185, 192, 195,
199, 205, 220, 221, 260, 263, 292,
293, 3508, 520, 548, 355.

Kaelor, 127.

Kaidoepa, 49.

Kai-tsoe, 54, 66, 71,
188, 218, 254.

Kalamata, 41, 43, 44.

    (kitjili), 268.

Kali-Angin, 242.

 -njar, 27, 170, 256, 297, 556, 337,
370, 372.
 -Gangsa, 144,

Kalikoet, 29.

Kali-Sapoe, 82, 110.
 -Woengoe, 536.

Kalpatin, 107.

Kaluture, 107.

Kambodia, 17, 24, 54, 59, 60, 78, 81,
162, 165, 209.

Kananoor, 107.

79, 81, 99, 159,

Google

Kandang-Auer, 254, 297.

 Kanton, 144.

Karang-Anjar, 129.

Karimon, 12.

Karinganau, 144.

Karti Sarana, 92.
 Sedana, 150, 164.

Katauen, 25, 83, 109, 111, 170

Keerdekoe (S.), 159.

Kelck (D.), 82, 152.

Kemp (P.), 175.

Kendal, 25, 26, 109, 111, 142, 144, 170,
171, 207, 209, 229, 250, 256, 297,
558, 571.

Kepper (J.), 117.

Keracrous, 291.

Keyser (L.), 148.

Kiadoepa, 267, 271.

 Kimegang, 102.

Klencke (H.), 140.

Klencke (J. van), 87.

 Kleyer (A), 140, 159, 161.

 Klinckant (G.), 544, 364.

Koeboe (spruit), 190, 192.

