REGISTER vAN PERSONEN- EN PLAATS-NAMEN.              795

526, 3550, 552, 354556, 410, 421,
424, 445, 468471, 484, 490, 556,

'b57, 579, 595, 596, 605, 659, 682,

725, 726, 737, 742.

Japanners, 197.
Japara, 18, 19, 34, 55, 37359, 44, 45,

48, 50, 63, 72, 76, 78, 80, 83, 90,
91, 96, 97, 99, 104, 107109, 112,
115118, 120, 121, 128, 147, 151
153, 157, 160, 161, 164, 167, 168,
175175, 205, 206, 212215, 259,
282, 283, 285, 289, 301, 306, 507,
509315, 522325, 333, 335, 340
342, 350, 353, 358362, 373, 376
378, 581, 584, 585, 395, 397400,
404, 406, 409, 410, 413, 416, 422, 423,
437, 447449, 456, 465, 466, 468,
481, 482, 485, 486, 488, 490, 494,
502, 507509, 519, 524 -527, 533,
556, 539, 548, 558, 560, 561, 564,
565, 568572, 576, 577, 6895I1,
593, 600, 614, 616, 619621, 629,
630, 635- 637, 659, 649, 650, 658,
662, 665, 666, 676, 677, 687, 697,
698, 700, 705710, 712, 722 725,
746, 750, 751, 762, 764.

Japon (Jan), 210.
Jasien, 766.

Java en Javanen, passim.
dedo, 42.

Jerenika (Krang), 450.

Jeroense (H.), 264.

Joan, 65.

Joden, 2357.

Joeckja (Pangeran), 645, 675.

Joeda Waana, 520.

Joeda Wangsa, 518.

Joenka, 571.

Joesoef (Sheik), 674.

Johannes, zie: Brakel.

Jonasen (E.), 526, 449, 572, 620, 649,
650, 724.

Jonckia, sie: Joeckja.

Jonckol, 100.

Jongelingh (A.), 11, 17, 514.

Jongh (T.), 124.

Jongh (GC. de), 11.

Jongh (D. T. de), 21, 27, 150, 564, 566,
450, 727, 728, 742, 745.

Jongh (J. de), 165, 164.

Jongh (P. de), 721.

Jonker (kapitein, ook: Jonker Manipa), 9,
541, 604, 608, 612, 652, 646, 667,
672, 680, 682, 686, 689, 692694,
716, 756, 757.

Jontie, 314.

Jotsoeco, 759.

Joubert (D.), 457.

Judo (Entji), 456.

 Juriaense (P.), 521.

KEK.

Kaap de Goede Hoop, 6467, 124, 155,

.

155, 200, 201, 204, 278, 284, 291 -294,
559, 540, 553, 557, 571, 402, 406,
420, 455, 446, 449, 457, 490495,
629, 654, 655, 682, 716, 726, 727,
152, 755, 740, 741, 757, 766, 767.

Kabanger, 680.
Kabelange (Aroe), 688, 695.
Kabousia, 465.
Kabressy, 540.

Google

Kademangan, 478.

Kadir (Entji), 430.

Kadjoran, 19, 63, 117, 159, 214, 377,
595, 396, 417, 525, 665, 678, 707, 749.

Kadoewan, 560, 658.

Kago (luitenant, later kapitein), 119, 567,
659.

Kago (Raden), 620.

Kajeck, 402.

Kajeli, 411, 415, 554, 556, 615, 616,
