268              REGISTER VAN PERSONEN- EN PLAATS-NAMEN,
Janssen (R.), 246.                 Java’s oostkust, 8, 18, 19, 59, 45, 48,
Janssonius (C.), 240.                     59, 61, 71, 85, 84,87, 116, 129, 150,
Japan, 69, 82, 85, 88, 89, 95, 9, 98,   228, 250, 255. ’
105, 115, 117, 128, 142, 164, 251, Javanen, 55, 40, 42, 45, 49, 6164, 67,
256, 245.                         68, 72, 76, 80, 85, 85, 91, 92, 98,
Japara, 4, 710, 29, 32, 55, 57, 45,   102, 107, 112, 131, 141, 144, 156,
47, 48, 54, 66, 77, 78, 80, 81, 9597,    158, 165, 165, 166, 171, 174, 187,
101, 115, 117, 120, 152, 155, 157,    188, 197, 199, 200, 205, 209, 211,
159 141, 145 145, 168, 169, 186,    214, 220, 255, 245-245, 254, 256,
189, 190, 194-196, 208, 226-228,   260, 262.
250, 242244, 250.             Jefferie (J.), 172.
Java, 49, 5254.                   Joris (fort Een Ee 75
Java major, 172.                     Juwedo (T.), 8
K.
Kaap de goede hoop, 5, 10, 26, 27, 52, Ki-ko, 59.
114, 115, 119, 125125, 156158, , Klingenbergh (P.), 247
145, 161, 162, 184, 189, 192-194,  Kloppenburgh (J.), 164.
200, 201, 203, 240, 252, 253, 256,  Knecht, 225.
258.                          Koelang, 45.

Kaapland, 202.

Kaaplieden, 145, 146, 162, 192194, 201,

257.

Kambodia, 48, 92, 165, 166, 168, 170,
182,

Kanton, 117, 126, 128.

Kapatoca, 188.

Koelon (Pangeran), 175
Koepang, 29, 55, 22
Koksinga, 47.

Kombara (eil), 6.
Kombuis (groote), 155.
Kooke (P,), 175

Koromandel, 41, 54, 64, 69, 75, 74, 82,

Karonroe (Prins), 81.               86, 105, 106, 117, 160, 168, 169,
Katapa (Kraeng), 228.               172, 176, El 184, 185, 188, 215,
Kdah, 4, 88.                  252, 241, 245, 246.
Keer (A. van der), 5, 211.            kenwand.  12, 22, 25, 47, 71, 76, 87,
Kendal, 102.                        89, 90, 101, pe 171, 189,
Kettingh (GJ), 117, 119,  30 168.             201, 245, 250, 251, 255, 258.
Keyser (J.), 25, 27, 50,    54, 41, 47,    (hoek van), 56, 5,

49, 57, 64, 156, 159, en 147 - 149   Krokot (riv.), 62, 85, 112, 151, 156, 205,

151, 176.                      220), 255, 260.

Tu.

Laen (J. van der), 55, 156, 158, 159, Lamone (J.), 165.

141, 146, 147, 197, 210 212, 252,  Lampong, 7, 24, 55, 64, 72, 92, 99,

256. 259, 241, 242               100, 102, 106, 107, 215.

Original from

Digitized by Gor gle

UNIVERSITY OF WISCONSIN
