REGISTER.

233, 245, 249 -251, 267, 294, 297,
314, 316, 349, 351, 384, 386388,
435, 438, 447.

Macquian, zie: Makjan.

Madagascar, 41, 93, 172, 189, 258.

Madoera, 36, 227.

Mael (Frans), 74

Majoe (eiland), 203.

Makassar en Makassaren, 1, 1215,
17, 20, 21, 35, 43, 46, 4850,
52, 64, 76, 68, 82, 84, 102, 108,
109, 115, 117, 120, 142145, 150,
162, 174, 186, 189, 201, 202, 205,
224, 227, 243, 266, 267, 270 272,
295, 296, 308, 312, 314317, 341,
348, 349, 351, 353, 354, 358, 379
381, 383, 384, 387, 388,391, 392,
394, 395, 401, 403, 404, 419, 442,
443, 445, 459.

Makjan en Makjaneezen, 21, 22, 42,
83, 103, 348.

Malabar en Malabaren, 44, 87, 205,
206, 259, 324, 336, 368, 369.

Maladiven (de), 44, 168, 258.

Malajoe, 7, 22, 103, 203, 231, 347,
348. 376, 379.

Malaka, 6, 13, 14, 19, 28, 33, 34,
37, 54, 57, 71, 76, 89, 99, 100,
111, 116, 1417, 124, 122, 125,
128130, 132, 133, 141-143, 150,
162, 163, 167, 174, 188, 200, 215,
217, 235-239, 241, 244, 245, 268,
291, 294, 295, 301, 304, 314, 349,
382390, 396, 411, 412, A18, 435,
452454.

Malaka (Straat van), 11, 28,57, 63, 69.

Maleijers, 35, 71, 72, 143, 358, 380,
387,        '

Maleijo  Malajoe.

Mamala, 83, 343, 357, 390, 400, 401.

Mandalike (Poeloe), 381.

Google

413

Manepilli, 44.

Mangasage, zie: Nangasaki.

Mangeloor, 192.

Manicabers, 5961,68, 69, 111113,
143, 216, 320, 388, 422, 452,

Manicapatnam, 145.

Manilla, 9, 13. 51, 57, 58, 63, 69,
70, 84, 148, 149, 164, 15, 235,
250, 283, 284, 293, 297, 303, 312,
314, 3171, 318, 384, 387, 429, 431.

Manipa, 20, 23, 197, 339, 341, 342, 344.

Manna, 150.

Manoek, 271, 354,

Mardijkers, 21, 22, 102, 144, 134, 139,
160, 186, 203, 210, 218, 219, 256,
270, 275, 216, 308, 375, 378.

Marethal (Abraham), 160.

Maroenda, 79, 92, 160, 409, 410, 308.
Martapoera, 187, 205, 224, 225, 227,
272, 312, 313, 394, 395, 458.

Marijnissen (Abraham), 74.

Masandran, 173.

Mascarenhas (Mauoel), 365,

Maseijek (Cornelis van), 6, 17, 48,
67, 72, 73, 310--3713, 440.

Maskat, 40, 1741, 192, 244.

Masquerijngies, zie: Mascarenhas.

Massawooi, 196, 197.

Masseda (Jeronimo), 50.

Masulipatam, 1,3, 7, 44, 45, 120, 129,
144, 145, 215, 241, 243, 261, 334,
362-367, 389, 413, A16, 443 445.

Mataram, 24, 6, 12, 17, 18, 20,25
27, 29-33, 3537, 4143, 45,
48, 66, 67, 7215, 17,19, 91, 93,
95, 105, 145, 147, 118, 127, 134,
137140, 143, 147,152,155, 168,
174, 175, 118, 182, 185,186,188,
200, 201, 205, 206, 227, 267, 272,
274, 296, 299, 370, 371, 380, 381,
394, 412, 413, 423, 424, 427, A41.
