REGISTER.

Denijs (Samuel), 80.

Deutekom (Vaandrig), 67,

Diamant (Punt of bolwerk), 318, 344,
345, 347, 369.

Diemen (Anthonio Van), 56, 66, 89,
100, 104, 161, 166, 167,172, 176,
190, 198, 209, 217,227, 231, 236,
247, 283, 291, 294, 296, 327, 333,
345, 367, 397.

Dierexsen (Pieter), 194, 216.

Dierexsen (Willem), 236.

Di(e)u, 337.

Djambi en Djambinezen, 3,6, 10,11,
14, 19, 27, 3335, 39, 40, 51,
55, 5760, 71,81, 85, 99, 100,
117, 118, 121123, 130, 132, 135,
136, 138,139, 147, 148, 176 -178,
181, 196202, 204, 205, 207, 208,
211,215 -220, 223, 224, 226 -229,
234, 235, 239, 244, 246, 251, 279,
283, 2s4, 281, 290, 293, 294, 296,
297, 301, 302, 305, 306, 313, 316,
318, 323-325, 336, 340342,
386, 388, 389.

Djapara, 5, 16, 26, 33, 35, 39, 40,
48, 50, 51, 52, 62, 718, 88, 96,
97, 100, 130, 131, 133, 137, 146
148, 150, 152, 186, 188, 215, 244,

246, 253, 256, 259, 264, 278, 287,

289, 295, 299, 305, 315, 317, 352.
Djohor en Djohoriten, 14, 33,1, 125,
199.
Doet mij uijt (Cornelis), 265.
Dooreslaer (Jacob Van), 3, 27, 3032,
39, 50, 54, 56, 58, 61, 66, 74,
85, 89, 93, 97, 102, 110113,
160, 161, 166, 167, 172, 175, 176,

184, 188, 190, 196198, 207, 217,

226, 227, 231, 232, 236, 247, 250,
268, 283, 291, 294, 296, 301, 303,
307, 308, 314, 315, 325, 327.

Digitized by GO   gle

407

Dornaij (Jan), zie: Horney.

Draeck (Adriaen Woutersz), 213, 367.

Drent (Cornelis Theunissen), 88, 92,
206, 208, 368.

Dshask, 160.

Duiveneiland, 195, 253.

Duijnen (P. Van), 333.

Dijcke (Jan), 258.

Dwars-in-den-weg (Eiland), 211.

E.

Edo, zie: Jedo.

Endeh, 97, 124, 126, 278.

Enkhuizen (Kamer van), 316.

Enkhuizers, 263.

Engel (Teunis Jacobsz), 2.

Engelschen, 3-5, 8, 11, 14, 15,
27--32, 34, 36-39, 42, 45, 4850,
5263, 6672, 74, 18, 818D,
92-95, 91117, 123, 127129,
131, 132, 134-138, 147, 148,
150-153, 155164, 166-181,
183, 184192, 194-209, 211
214,217220, 224, 226235, 239,
240, 242, 247253, 255, 258,
260265, 268-271, 277281,
283285, 289292, 294297,
301305, 307-315, 318, 323
350, 336, 337, 339, 342, 316, 349,
352, 355, 351, 361363, 397.

Espahan, zie: Ispahan.

Evertsen (Direk), 103.

Eijck (Adriaen van der), 258.

F.

Falmouth, 289.

 Ferere (Ruy), 159.

Firando, 14, 41, 164. 225, 306, 323,
334, 335, 338,

Original from

UNIVERSITY OF WISCONSIN
