438               REGISTER VAN PERSONEN- EN PLAATS-NAMEN.

266, 268, 270, 274, 279, 297, 300, 276, 290, 294, 297, 500502, 504,
517, 520, 522, 529531, 358, 345, 507, 309, 310, 318, 320322, 524,
5b1, 575, 416.                529531, 554, 557, 559, 3545, 547,

Engelschen, 5, 7, 11, 16, 18, 27-29, 548, 5573561, 365, 368, 569, 572,
54, 35, 44, 45, 49, 52, 54, 56, 58,   514 -516, 582, 586, 593, 594, 405,
68, 70, 75, 85, 85, 88, 91, 92, 95,   415, 416.

98, 101, 102, 125, 154, 156, 142, ' Enkhuizen, 190, 405.
144, 145, 149, 155, 157, 164167, j Erguese (J. d’), 25, 99, 198, 204.

170, 174, 180, 182, 185187, 191,  Estachan (sjah), 58, 39, 42, 45, 155, 267,

194, 209, 210, 212, 213, 220222,   3520.

225, 255, 254, 256, 241, 245 -248,  Estechaerchan, 268.

251, 261, 262, 266, 268, 271, 274 Europa, 321, 325.

EF"

Faringo, 198.                      Flodorp (J.), 574.

Faber (CG), 119, 120, 129. Firando, 110.
Ferment (D), 132, 155, 158.         Floor (S.), 166.

   (G.), 152.                 Formosa, 4, 102, 117, 588, 411.
 (IJ), 30, 352, 47, 53, 174, 255, Fortuyn (J.), 255
541, 408. Frankrijk, 53, 325, 567.
Fernandes (M.), 507.               Franschen, 40, 1, 110, 261, 521, 522,
Fila Fonoha, 41.                   269, 575.
Filo Horwa, 40.                   Frontenius (F.), 57, 73.
CG.

Gadoeng, 124, 196.  266, 276, 329, 354, 355, 558, 559,
Gaesdinchan, 141, 176, 525.   312, 376.
Gaillaert (A), 138.                  Godsken (Y.), 542, 343, 546, 347, 369.

Galere, 536.                 Goens (R. van), 3, 6, 69, 70, 75, 140,

Gallettes (de), 167, 328.            142 147, 149, 150, 165

Gama-lama, 14.            169, 177184, 188, 194,

Gamron, 74, 140, 141, 163165, 176,           208, 209, 221, 256, 257,
227, 269, 270, 320, 3521, 525525,             260 264, 268, 506, 509,
549, 567.                                     319, 321, 5326-529, 555,

Ganges, 154, 156, 211, 226.                               334, 543, 547, 548, 357

Geel (CG. L), 15, 16, 25, 204, 292.            564, 566, 568, 569, 575,

Gelderland (punt), 138.            574, 598.

Geldria (kasteel), 573.       D      de jonge, 264.

Gerwits (J.), 414.                   Goerce, 59.

Gibon (H.), 125.                     Goesti Agoeng, 281.

Goa, 48, 142, 143, 166, 185, 243, 265, ' Golkonda, 55, 72, 74, 97, 133, 168, 169,

En                                               Original from
Digitized by Google                                      PENN STATE
