REGISTER VAN PERSONEN- EN PLAATS-NAMEN.

Pasir, 20, 171, 196, 516, 346.

Pasoeroean, 20, 197, 242, 245, 287, 515,
580.

Passo de Bagoeala, 1569, 405.

Patani, 36, 151, 3515, 558, 577, 418.

Patna, 155, 192, 222, 280, 576.

Paa, 258.

Pauw (P.), 65, 158.

Pavillioen (A), 69, 164, 180, 188, 208,
221, 306, 319, 530, 551, 355, 558,
5753575, 577.

Pedel (W.), 77, 411.

Pegu, 56, 71, 73, 97, 98, 169, 185, 186,
5535, 514, 5716.

Peirak, 12, 63, 157, 210, 275, 277, 507,
335 3538,

Pekalongan, 92, 197, 198, 242, 245,
287, 288, 298, 299, 314, 515, 578,
579, 418, 420.

 Pekin, 78, 117,
All.

Pembenaar, 180, 558.

Peper-baai, 52.

a ee

587, 388, 3590, 591,

Perzie, 4, 8, 25, 59, 76, 82, 97, 98,
105, 115, 140142, 147, 157, 161
16N, 170, 171, 176178, 186, 190,
194, 207209, 2235225, 227, 252,
256, 241, 248, 259, 260, 264
271. 279, 280, 507, 3518--525, 525,
528, 529, 352, 554556, 546, 548,
549, 558, 359, 564, 566, 567, 570,
577.

Picquet (M.), 253.

Pietersz (G.), 259.

Pikat, 286.

Pimelepatnam, 57.

Pipeli, 64, 65, 75, 154, 155, 225.

Piscadores, 17, 22, 387.

Pit (L.), 17, 18, 55, 55, 76, 119, 129,
154, 155, 168, 190, 192, 194,
207.

 (L.) de jonge, 264.

Poeate, 251.

Digitized by Google

457

Poeloe Ai, 318.

 Kali, 115.

 Rhoen, 7, 11, 16, 18, 28, 354,
125, 128, 241, 290, 297, 300,
501, 504.

, Taran, 317.

 Timon, 386, 389.

 Tjinko, 76, 84.

Point de Gale, 96, 140, 146, 147, 167,
1811853, 225, 227, 273, 5327529,
3557, 3558, 3623564, 568.

Polen, 567.

Poruenili, 275.

Ponepili, 97.

Pontang, 54, 255, 245, 271, 290.
Poolvoet (E.), 42, 88, 106, 201, 585
386, 392, 595, 3595.         hd
Porka, 144, 145, 180, 256, 261, 2692,

331, 560, 564, 372, 410.

Porto-novo, 11, 48, 55, 653, 72, 185,
186, 272, 275, 308, 531, 554,
575.

Portugal, 106, 144, 529, 534, 536.

Portugeeschie kerk te Batavia, 139.

Portugezen, 3, 135, 41, 55, 56, 59, 60,
72, 74, 110, 115, 1356, 145, 150, 156,
160, 166, 175, 182, 184, 210, 255,
256, 260, 262, 263, 266, 276, 282,
285, 307, 529, 555559, 346, 357,
584, 407, 418.

Priaman, b, 49, 65, 84, 125, 198, 238,
550.

Pringga Djaja (nachoda), 517,
400.

Prinsen-eiland, 32, 174, 191.
 straat te Batavia, 137.

Proba Negara (pangeran), 86, 247.

Probe (Q.), 575.

Punto das Palmeras, 225.

Pedras, 56, 69, 70, 167 169,
174, 188, 208, 209, 275, 528, 529,
361.

Pyl (L.), 179.

518, 56b,

Original from
PENN STATE
