424

Angga Praia (kiai), 62.
Angk, 30.
 (rivier), 187.
Anthonio (redoute), 412. ,
Antongil (baai van), 40, 41.
Appeldoorn (B. A), 158, 174.
Arakan, 58, 74, 75, 9799, 169, 166,
191, 192, 216, 226, 255, 267, 275,
274, 509, 555, 374, 406409,
415.
 -ders, 154.
Arckel (J. van), 342.
Ardes (A), 76.
ri-onton, 255.                      l

Baboelchan, 65.

Babel, 409.

Babtista (J.), 417.

Backer (G.), 75, 274, 511.

Bacquier (M. du), 308.

Bahrin, 164.

Bajang, 258, 5153.

Baldeus (d), 528, 548, 569.

Rali, 56, 123, 125, 196, 240242, 278,
280, 281, 286, 515, 577.

Banda, 7, 8, 12, 13, 18,62, 122, 127, 128,

158, 159, 206, 207, 251, 252, 286, 291,
297, 299304, 312, 316318, 559
541, 343, 344, 357, 566, 404, 414,
417.

Bandjermasin, 20, 25, 28, 355, 54, 56, 66,
8082, 93, 114, 123, 155157, 152,
158, 186, 196, 241, 243, 257, 280, 285,
286,
353, 511, 380, 400, 406, 419.

Bantal, 124.

Bantam, 2, 53, 6, 7, 16, 18, 20,
27, 28, 30, 3536, 41,
49, 52, 54, 57, 58, 65,
82, 83, 85, 93, 95,
109, 110, 115,

23,
423, 47
68-70,
101, 102, 107,
121124, 127, 134,

Digitized by Google

288, 296, 515, 515, 340, 351

REGISTER VAN PERSONEN- EN PLAATS-NAMEN.

Aripo, 180.
Aroe-eilanden, 122, 170.
Arosbaja, 31, 125, 161, 197, 242, 287,
514, 515.
Asahoeloe, 556, 4053.
Aseloeloe, 159.
Asem (intje), 88.
Aliensa (F. de), 26.
Atjeh, 9, 48, 56, 74, 84, 106, 177, 185,
186, 210, 211, 259, 247, 267, 276,
279, 307, 312, 524, 550, 553, 355
3537, 559, 550, 363, 583.
 -nezen, 5, 210, 258, 258, 275, 512-

157, 139, 147, 151, 157, 174,

187, 189, 197, 198, 200, 208,

213, 228, 252234, 258, 241 -

z45, 245, 247, 248, 253, 271, 279,

287, 290, 294, 297, 298, 501,

505, 506, 510, 511, 314, 316

529, 545, 351, 352, 365, 572,
519, 3580, 382, 383, 400, 406, 410,
4135, 419.

Bantammers, 154,

Barampoer, 525.

Barbados, 29.

Barbaket (hoek van), 48, 157, 210.

Barmilipa Poele, 180.

Barin, 567.

Barneveldt (fort), 205, 417.

Barocha, 229, 251.

Baron, 200.

Baros, 19, 86, 125, 2359, 240, 3512.

Barra (J.), 119, 150, 171, 264.

Bartelsz (J.), 25, 158.

Bartisi, 160.

Basalore, 143.

Basoera, 140, 141, 165, 176, 177, 261,
267, 270, 520, 324, 567.

Bassuy (D. de), 163, 521.

135, 159, 187, 200.

Original from
PENN STATE
