REGISTER VAN PERSONEN- EN PLAATS-NAMEN.

Isbrantsz, 60.

Isop, 155157.

Ispahan, 192, 512514, 517, 518, 340,
552, 422, 561 565.

615

Istachan (Sjah), 552, 554, 558, 559, 593,
594.

Italianen, 188.

Itchien, 52.

JJ

Jacobsz. (A), 552.

Jafnapatnam, 25, 27, 119, 158, 155, 164,
189, 191, 205, 206, 256, 528, 558
540, 542, 556, 3557, 412,
485, 560, 577579, 596.

Jager (H de), 78, 85, 85, 86, 111.

Jakatra, 44, 45, 457.

 (schans), 605.

Jammerbeek, 298.

Janssen (W.). 585.

Jansz (C.), 584.
 (DD), 548, 442.
 (F.), 470.
"(J.), 250, 457.
 (L), 116, 357.
Japan, 17, 50 32, 55, 45, 44, 49, 65, 65,

66, 77, 90, 9698, 110, 120, 151, 155,
159, 141145, 149, 151, 157, 192,
199, 205, 207, 209, 210, 216, 217, 2357,
245 248, 257, 258, 261, 262, 271,
275, 284, 299, 507, 552, 566, 596, 459,
501, 505506, 508, 509, 518, 521
525, 528, 529, 558-540, 549, 556,
558, 579, 580, 582, 584, 596, 599.

Japanezen, 352, 59, 45, 49, 541.

Japara, 18, 19, 21, 27, 28, 54, 56, 42, 50

457, 462,

52, 54, 56, 67, 74, 107, 116, 117, 125,
124, 128, 146, 147, 206, 208, 220,
221, 224226, 256, 245, 249, 250,
255, 255, 259, 275, 275, 276, 2W82
284, 297, 500, 502, 506, 3507, 545,
544, 546, 548, 549, 551, 353, 558
560, 567, 568, 598, 405, 406, 445,
465, 470, 471, 474, 476, 478, 479,
520, 550552, 541, 545, 600, 602.

Java, 8, 2355, 457, 481.

Java’s Oostkust, 471.

Javanen, 4, 6,9, 42, 49, 51, 56, 67, 68, 75,
76, 78, 82, 95, 111, 119, 129, 207,
225, 226, 252, 266, 270, 500, 566,
545, 547, 548, 415, 466, 467, 470,
484, 491, 520, 605.

Jedo, 50, 51, 284, 501, 502, 505,
580, 582.

Jochems (J.), 520.

Joeda Watjana, 469.

Jofisama, 50, 51, 502, 509, 581.

 -sidonne, 55.

Jong (M. de), 226, 255, 545, 544.

Jonker (kapitein), 227, 295, 589, 544.

Joseph (M. de SP), 571.

Juan (Don), 291.

508,

KE.

Kaap de goede hoop, 9, 40, 41,
211, 212, 216, 256, 257, 245,
249, 259, 285, 285, 545, 568,
464, bbl, 552, 579,

Kadoele, 556.

Kaila, 572.

Kailpatnam, 25.

208,
246,
584,

Google

 Kainkota, 441.
' Kai-tsoe, 19, 56, 280, 556.
 Kajarot (rivier), 525.
Kalamata, 20, 221, 240, 241, 287, 288,
586, 457, 474, 491, 5O1, 545, 544.
Kalang, 415
' Kalapoera, 565, 568.
