624

Pekalongan. 27, 145, 147, 222, 246, 254,

500, 502, 549, 472, 551, 601, 602.

Pekin, 57, 8890, 98-100, 217, 261,
517, 524, 584.

Pembar (straat van), 451.

Penne (A), 255.

Peper-baai, 550.

Pera, 459.

Pereira (J.), 544.

Perelli, 167.

Peretali, 186.

Perzianen, 298, 561, 562.

Perzi, 7, 17, 25, 24, 55, 124, 158, 140,
141, 152, 158, 161164, 168, 171,
172,     189, 190, 192195, 199,
201, 202, 204207, 210, 258, 276,
298, :    508, 509, 5I1514, 518
520, 5   525, 527-529, 552, 555,

540, 542, 546, 551555, 569 571,
3515, 5   596, 597, 415, 416, 422
425,     451, 454, 457 -459, 446,
449,     455 456, 459 461, 481,
487, 507, BOS, 512, 557, 559 561,
565565, 568, 570572, 575, 577,
581, 597.

Perzische golf, 518, 525.

Petapoeli, 155, 167, 4

Petro (J. M.), 495.

Pherkomat, 195.

Piangsiangmang, 156.

Pilang, 290, 291.

Pin-kwa, 519.

Pipeli, 1517, 155 157, 159, 140, 142,
202, 278, 557, 560, 5I4 56.

Piscadores, 57, 58, 65, 65, 67, 86, 89,
515, 518, 582.

Pit (L.), 79, 96, 151, 138, 229, 585.

Pittavin (A), 7.

Poeloe Ai, 251, 599, 406, 458, 485, 542,

545.
 Aur, 260.
 Kandoor, 66.
n  Lai-lai, 219.

56
5

Digitized by GO

gle

REGISTER VAN PERSONEN- EN PLAATS-NAMEN.

Poeloe Oebi, 97, 524.

 Pandjang, 111.

 Pisang, 255, 599, 401.
Rhoen, 19, 51, 56, 220, 21
235, 295, 507, 405, 407, 408,
462 464, 466, 469, 470, 478,
485, 484, 491, 5OI, 545, 588.

 Timon, 98, 209.

 Tjinko, 45, 47, 48, 125, 563.

 Wai, 97.

Poerba Negara, 595, 467, 484.

Poethai, 519, 582.

Point de Gale, 25, 24, 26, 138, 162, 164,
190, 191, 201, 206, 278, 509, 525,
528-550, 540, 556, 409, 411 -415,
416, 427, 450, 455, 454, 459, 450,
452, 486, 560, 577579.

Poliwan, 206.

Ponani, 191.

Pondi, 170, 455.

Poneli, 455.

Ponepili, 441.

Poneri, 25, 206, 487.

Pontang, 49, 95, 547.

Poolman, 58, 298.

Poolvoet (B), 57, 45-45, 9698,
256, 247, 248, 521, 522, 528, 5
540, 598 600.

Porka, 24, 25, 171, 175, 178, 181,
185, 187190, 204, 278, 555,
450, 569, 570, 574, 575.

Porto, 255.
 -novo, 56, 81, 82, 110, 120,
161, 452, 487.

Portugal, 25, 7476, 79, 80, 85-85, 96,
111, 115, 195, 519, 524, 546, 572,
575, 576, 457, 495, 504, 565, 566.

Portugezen, 17, 22, 24, 5555, 59, 45, 79,
80, 85, 86, 9698, 115, 117, 151
154, 150, 152, 155, 155, 158, 160, 168.
171, 172, 174176, 178180, 182,
185, 186, 192, 194, 195, 201, 204

206, 215, 214, 216, 252, 239, 240, 259,

Original from

UNIVERSITY OF WISCONSIN
