610

Chansamma, 156.

Chasian, 17, 195, 447.

Chasoesa, 18, 115, 116, 196, 257.

Cheribon, 28, 52, 106, 108, 145,
222, 225, 246, 250, 255, 255, 281,
282, 284, 500, 549, 472, 551, 552,
601.

Chesne (M. du), 209, 229.

Chilau, 189, 556.

China, 352, 57, 60, 62, 65, 65, 67, 77,
78, 80, 86-88, 99, 104, 105, 151,
144, 151, 192, 204, 208, 217, 229,
244, 260265, 265, 524, 5OG, 515,
5538 540, 550, 582, 584.

Chincheu, 57, 65, 67, 77, 87,

Chincho (rivier), 57.

Chinezen, 1, 5, 7, 350, 51, 59, 41, 45

519, 584.

45, 5558, GO, 61, 77, 82, 85, 86,

87, 97, 99, 109, 110, 120, 125, 152,
155, 144, 169, 192, 205, 207 209,
254, 255, 257,
261, 262, 265,
585, 596, 484, 496, 499501,
5035 505, 509, 514, 515, 522526,
528, 558540, 544, 549, 550, 552,
585, 585, 588, 590, 598, 599.
Chosia Ebrahim, 245, 544, 558, 559.
Christiaens (D.), 457.
(3), 486.
Christoffel (H.), 422.
Claesz (J.), 115.

268, 275, 545,

238, 247, 249,

REGISTER VAN PERSONEN- EN PLAATS-NAMEN.

Claesz (L.), 254.
 (MJ). 23, 250.

 Cleeff, 85.
147,

Clement (L.), 29.

Gloot (J.), 552.

Cochin-china, 98, 525, 599.

Cok (P.), 250.

Col (P.), 209.

Concordia (fort), 54, 271, 272, 547.

Congo, 194, 195, 425.

Constant (C.), 6.

Coper (J.), 559.

Coppenolle (A. van), 405.

Cops (J.), 298, 542, 396, 409, 462, 541, 545.

Corbusier (J.), 354, 455.

Cornelisz (C.), 442.

Corthals (J.), 442.

Gos (S.), 225 228, 251,
588, 545.

Coulster, 178, 186, 326, 527, 410, 411,
451, 452, 450, 569, 571, 574 576.
Couper (J.), 6, 154, 221, 508, 585, 387,

596.

Coyet (F.), 564, 565, 568.
 (G.), 361, 562, 564.

Cruger (ll), 56, 115.

Croese (A.), 545.

Gulenborg of Cuylenburgh (H.), 22, 55, 54,
99, 271, 272, 547, 548, 558, 526, 540,
544,

Curre (M.), 485.

254, 500, 506,

DD.

Dacherom, 112, 155, 156, 165, 167, 169,
354, 555, 436, 441, 511515.

Dalen (van), 3527, 3561, 575.
 (H. van), 250.
 (P. van), 250.

Dam (D. van), 552.
 (J. van), 18, 19, 49, 226, 227, 251,
254, 280, 293, 3505, 531, 596, 599,
406, 407, 458, b4l, 545.

Google

Daman, 200, 201, 520, 424.

Damme (eiland), 220, 251255, 259,

5035, 504, 402406, 446, 465, 405,
474, 485, 491, 542, 545.
Dansser (S. den), 86, 149.
Daoetchan, 16, 555, 555.
Darasakoer, 157.
Dasi (sengadji), 271, 548, 558, 559.
Datis (J.), 442.
