REGISTER VAN PERSONEN- EN PLAATS-NAMEN.                619
Lokomsant, 521, 522, 448. Louis (S.), 271, 547.
Lomboeti, 585.                     Lucasz (A.), 266, 267, 414, 480.
Lombok, 52, 552. Lucia (baai S'), 41.
Londen, 56, 447. Luton (D.), 54, 51, 116, 124, 128, 206,
Longsa, 542.                  225, 256, 245, 249, 274, 275, 284,
Lontoor, 231, 254.                 545, 548, 559, 568, 406, 465, 470,
Loth (S.), 9, 54, 56, 265, 294.           478, 479, 520.

ML.

Maha, 287.                         550, 532, 542, 545, 588, 598, 600,
Macao, 55, 77, 86, 98, 126, 131, 154, 204,     602.

220, 240, 251, 544, 545, 586, 414,

457, 459, 465, 476, 477, 494 496,
521, 525, 526, 529.

Macaosche eilanden, 515, 524.

Maecquelin (J.), 588.

Madagascar, 41, 211, 212, 216, 285.

Madaie, 175.

Madampe, 189.

Madapalam, 512.

Madoera (pangerang), 53, 51, 56, 208, 557.

Madoere, 25, 178, 185, 205, 355 3557,
409, 452, 451, 572, 576.
Madras, 206, 556, 337, 451, 487.
Madraspatnam, 355, 159, 165, 556, 337,
457, 451, 560.
Madura, 249, 254, 502, 545, 472, 550.
Maetsuyker (J.), 542.
8     (W.), 280.
Maitara, 292.
Majoeta, 48, 107, 222, 255, 365.
Makasar, 15, 18, 20, 28, 355, 34, 42, 52, 56,
67, 70, 75, 77, 79, 80, 85, 86, 95, 96,
108, 109, 111, 115, 116, 124126,
151, 158, 160, 207, 219221,
, 228, 255, 258-245, 249, 251,
256, 265, 275, 274, 276, 281, 284,
288, 292, 295, 298, 501, 507, 508,
545545, 548, 568, 578, 580
585587, 589, 590, 394, 457,
457, 462, 464, 465, 471, 476
488, 489, 491498, 501, 520,

Google

ded

Makasaren, 50, 251, 2355255, 259, 241,
289, 585, 589, 400402, 406, 408,
458, 465 467, 479, 484, 555, 542, 544.

Makian, 2, 20, 287, 292.

Malabar, 24, 25, 142, 164, 171, 178,
181, 186, 187, 189 191, 201, 204
206, 210, 299, 509512, 520, 521,
525, 527529, 552, 553, 3535355,
3557, 3570, 410, 411, 415, 417, 424
426, 428, 452, 454, 450, 456, 460,
556, 557, 568, 570579.

Malabaren, 25, 172, 185, 187, 201, 205,
451.

Malafarcha, 4648.

Malaka, 8, 24, 27, 5456, 68, 78, 81,
82, 109 111, 113, 119, 120, 126,
154, 159, 145, 147150, 152, 158,
161, 162, 165, 168, 190, 199, 204,
209, 210, 217, 225, 252, 256- 258,
264, 266271, 276, 277, 284, 298,
299, 510, 552,     558, 546, 547,
562, 566, 3567,     577, 596, 598,
409, 415417, 421, 459, 442 4hb,
452, 454, 456, 459 461, 468, 480--
482, 487, 508, 512, 559, 590, 591, 599.

Malapa Maloe, 24, 20, 319, 520, 3525,
525, 372, 431, 572, 573.

Maldiven, 24, 115, 157, 357, 426, 450,
560, 571.

Maleijers, 56, 75, 81, 125, 250, 252, 270,
500, 457, 467.
