31 JANUARY.

Vrouwen.

SES

t'Samen koppen.

88

587

429

194    679

58    204

37    137

112    393

237    837

121    537

80    455

118    525

161    675

150    717

eni Aie                49    216

5                             I- jl 22                   72     398

ee    4                 2129(1871     7905

Vl Us Ii 108 AAT Ten

13 1 5) 3 ll 170 02 33 004

17) 3 1) 3 39 59 5 1 13 6l 239 247 67 1042

39 5 3 8110 14 15) -- 5l 256l 229 67) 1038

8)- 5 4 20 18 713) 306 320 87 1234

3 - 2-34 41 10) 3 5- 235 312 53 1205

3 - 1 7 10 -l- 1) 168 155 2 785

21 5 Al 14) 7105 84 1 1 18 7 245 271 21) 1045

2 3 A-limiet 138 TAAI" Zi 670

eist Si 120 10 RAR

pe    118 126 41 469

Ei Iel Stelle eee (ssl we ABN GIN

 Il ll 70 66 10 210

106) 17)10) 37'31,219,248) 16) 5 48127)2265)2363 557 9852

Uijl 4 8 116   3) 248 200 93 1138

32:   plasse             en   62 13110 9 9, 24 32 10, 6 7 6) 871 721 203 5143

eet 91 sn     35 17119106   14 10) 22) 4 51) 95) 11) 3 1918) 431 476 100) 3030

285' 36' 17119106 97' 77' 13'20' 31)13 79135 22 rl 26127'1550'1397' 396' 9311

8 48 al  6j 3 5, 8 8 12 -- 3 4 36 72 3l - 31212911871, 750 7935

IE 27f 7112201861104 96) 6 7 59) 55)132,106) 17,10) 37 31219248) 16 5 48)27 226512363 557 9852

602 0   17(119,106) 97) 77) 1320) 31)13 79)135) 2214 26 271550)1397) 396) 9311

B70'747     "47 27 183)169 237 195' 3030 7145334455 41 19 7567 5944563111703 27068
Original from

Bigitized by Goo   le
                8

NEW YORK PUBLIC LIBRARY

