mT

WE PES

364

DD.

Dacres (H.), 244, 252,
Daelen (van), 28.
Dam (van), 28.

Damang (pangeran), 112, 129.

Dame (H.), 254.

Dasi (sengadji), 223, 229, 230.

Datis, 28.

Deene (J.), 157.

Deenen, 22, 227, 255, 307, 509,
3540.

Delft, 57, 40, 44, 240, 245, 507,
511, 315.

Deli, 177.

Demak, 52, 34, 635, 81, 85, 85, 95, 108,

117, 140, 141, 176, 178, 204, 205,  Diohor, 134, 1355, 145, 149 -154, 162,
227, 2351, 253,.241, 259, 261, 286,   163, 218, 219, 243, 245, 268, 3519,
291, 293. 295, 308, 325, 527, 352,   538, 554.
353, 554, 556.                    Djohoreezen. 95, 150, 150, 158, 183, 218,
Denemarken, 48, 199.                 248, 253, 537.
Descartes, 505.                     Djotan, 141.
Diamant (punt de), 216, 275, 518.       Does (J.), 28, 147.
Dia Menggala (kiai rangga), 299.       , Domingo (F.), 555.
 Soeta (kentol), 279.              Domong, 65, 145, 231, 295.
Diestpoort te Batavia, 51, 66, 87, 111,  Dompo, 190, 252, 272278, 551, 546.
146, 181, 208, 254, 265, 297, 529,  Dorgeret (fort), 502.
559, 560.                 ' Dubbeldekop (W.), 15, 225, 255, 242.
Dinkels (J.), 147, 157, 249.
nm
Eekhoff (H.), 164.                    81, 94, 9, 98, 102. 105, 114,
Eggersz (H.), 1, 81.                 127, 128, 154, 135, 150, 152, 154,
Eldercampius (A), 525.               158, 161, 164, 187, 196, 212, 216,

Eldertsz (D.), 164.

Elmers (P.), 28, 65.

Engeland, 3-5, 56, 59, 60, 70, 127, 152,
196, 200, 222, 229, 240, 245, 247,

249 256, 264, 266, 269, 270, 279

282, 3539, 541.
Engelsz (T.), 28, 148, 157.
Engelschen, ;3, 2022, 46, 56, 57, 80,

s Digitized by Go gle

REGISTER VAN PERSONEN- EN PLAATS-NAMEN.

552,

309,

, Djambi, 51, 95, 114, 130, 151, 155155,

Diringo, 177, 205, 206, 252, 292, 295,
527.

Dispontyn (D.), 28.
149154, 156, 158, 162, 165, 182,
183, 187, 196, 216220, 222, 250,
240, 242, 245, 248, 21, 255, 255,
268, 269, 271, 507, 537.

Djambineezen, 101, 154,
218.

Djoeana, 34, 95, 107, 109, 141, 172, 176,
177, 184, 192, 194, 204, 205, 215,
231, 2352, 259, 261, 292, 295, 526,
327, 354, 367.

155, 158,

220, 222. 227, 228, 259241, 244,
248, 253, 25, 270, 280, 307, 525,
 539.                  :
Enkhuizen, 12, 57, 58, 42, 45, 116,

120, 257, 309, 515, 516,

546.              u,
’     (halve maan), 297.      da,

Original from     pn
NEW YORK PUBEIGS EIER

