562                 REGISTER VAN PERSONEN- EN PLAATS-NAMEN.

Bandjar, 354, 85, 141, 176, 178, 205,
205, 230, 259, 261, 293, 294, 525,
328, 556.

Bandjermasin, 506, 331, 552.

Bangai, 55, 257.

Banka (straat), 159, 185.

Bantam, 3, 9, 14, 1925, 52, 4648,
50, K1, 62, 65, 66, 7173, 7580,
62, 84, 88, 90, 91, 95, 9597, 102,
103, 107, 1135115, 121, 127, 129,
151, 133, 139, 142, 154, 158, 159,
164, 165, 172, 176, 182, 187, 194,
197, 199, 200, 227, 228, 251, 240,

244, 247, 248, 251255, 255, 256,

258, 265, 265, 270, 271, 278280,
282, 291, 295, 500, 507, 509, 521,
325, 331, 332, 335, 557, 559, 546
549, 553, 354.

Bantammers, 5.

Baron (F.), 505505.
 (S.), 245, 255.

Baros, 88, 90, 205.

Bastineq (W.), 191.

Batikaloa, 158, 284.

Batjan, 55, 60, 235, 259.

Batoe-keka, 288.

Baukes (N.), 28, 517.

Bax (J.), 78.

Beek (D. van der), 148, 164, 517.
 (P. van der), 281, 556, 549.

Beekman (W.), 51.

Been (J. A), 517.

Bekasi, 31.

Bekom (A. van), 225.

Bellasore, 340.

Bengalen, 1, 7, 14, 75, 88, 131, 182,
203, 213, 271, 286, 506,

195, 201,
559, 340, 345, 358.
Bengkalis, 52, 85, 219.
Bent (F. L.), 286.
Berau, 288.
Bergen, 117.
Berkmans (H.), 5

Digitized by Go. gle

 Beukum (A. van), 147.

' Bisi (krang), 187, 264.

, Bonang, 252.
, Bonn, 196.

 Bontowale, 140.

 Bopp (A), 13, 3537.
, Borneo, 279.

Biliton, 158, 295, 528.

Bima, 58, 114, 190, 194, 246, 252, 249,
272274, 280, 292, 294, 507, 528,
531, 3355, 3359, 546 -548, 554.

Bimaneezen, 555, 3539.

Bintam, 538.

Blaeumeulen (J.), 9, 14, 44, 549.

Boano, 175.

Boek (P. de), 191.

Bodegraven, 4.

Bodong, 54, 145, 178, 251, 252, 259,
261, 292, 295, 555, 557.

Boegineezen, 140, 288.

Boeloe-boeloe, 85.           .

Boengi (rivier), 175, 182.

Boer (K. de), 97, 102.

Boeroe, 52, 55, 175.

Boeton, 57, 114, 203, 214, 215, 258, 259,

264, 265, 270, 289, 294, 557.

"   (straat), 155.

Boetonners, 58, 288.

Bogaert (A), 149154, 156, 182, 216-
218, 220, 242, 269, 290, 517.

Bolk (D. van den), 551.

Bombay, 5, 222.

Bommel, 196.

Bonthain, 140, 245.

Boon (J.), 9, 19.
 (J.H), 45.

Bornezee (E.), 317.
Bort (B), 1, 6, 7, 20, 26, 67, 72, 79,
91, 92, 95, 107, 126, 150, 162, 172,
182, 183, 202, 216, 220, 247, 24,
258, 271, 272, 281, 286, 290, 500,
319521, 530, 3535, 536, 339, 545,
549, 350.                 waa

Original from

NEW YORK PUBLICEREN
