522

Lucasze (.), 408.

REGISTER VAN PERSONEN- EN PLAATS-NAMEN.

Luyrelius (W.), 119.

Lucipara (eiland), 347, 548, 350, 356, 374. Lydema (J.), 456.

Luton (D.), 98, 226, 248.

Lyn (van der), 67.

ML.

Maas (rivier), 572.

Macao, 28, 355, 41,
100, 105, 117, 127,
252, 272, 274, 275,
289, 293, 295, 3501,
542, 355, 368, 3585,
496.

Madagascar, 38, 185, 284.

Madras, 470, 496.

Madraspatnam, 152, 282, 552, 474.

b5, 75, 85,
155, 229,
280, 281,
502, 528,
586, 590,

245,
287,

95,

I
t

555.
592,

Madura, 42, 50, 79, 105, 125, 126, 144,

146, 162, 164, 186, 210, 2153,
267, 346, 547, 409, 481, 507,

Mahomed-sjah, 205.

Mainstone, 5, 178, 179, 540.

Majoeta, 309.

Majotsche eilanden, 475.

Makasar, 4, 11, 1719, 22, 24, 26, 31,
41, 5O, B1, 60, 61, 72, 73, 7678, 80,
81, 84, 88, 97, 102, 103, 105, 114,
118, 125, 125, 126, 134, 140, 141,
144, 145, 152, 159, 161, 165, 167
170, 172, 177, 179, 181, 182, 184
186, 188, 195, 196, 201, 210, 212,
217, 228, 229, 257, 246, 254, 260,
267, 290 317, 320, 3522527, 534,
340, 344, 346, 347, 350, 354, 355,
558, 359, 361, 564, 566, 3568,
511, 378, 387, 390, 404, 409,
417420, 423, 425, 427, 459,
457, 439, 450-454, 458, 461,
476, 481, 483, 491, 492, 496,
505, 506, 508, 509.

Makasaren, 26, 50, 97, 171,
451, 435, 457, 470, 475.

Makian, 1135, 354, 360.

Malabaarsch kwartier te Batavia, 3505.

509.

11,
454,
468,
4977,

574, 406,

Digitized by Google

514,

255,

Malabar, 29, 140, 177, 278, 319, 329,
596, 397, 452, 464, 467, 473, 474.
Malaka, 1, 2, 8, 10, 11, 16, 19, 20, 27,

28, 40, 42, 48, 50, 5659, 61,
63, 114, 115, 117, 118, 121
123, 125, 126, 155, 1354, 146,
164, 174, 176, 177, 181, 187,
188, 192, 1935, 195, 209, 212,
216, 219, 227-229, 231, 2353,
243, 247, 252, 259, 264, 266,
267, 271273, 285, 288, 290,
293, 295, 300, 3509, 311, 515,
316, 350, 535, 347, 3549, 556,
312, 384, 591, 392, 404, 406,
408, 410, 415, 418, 421, 425,
427, 450, 4355, 438, 459, 441
4435, 446, 452, 455, 459, 460,
465, 467, 469, 472-474, 481,
489, 493, 502, 507, 510.
   (straat), 241.
Maleiers, 31, 72, 141,
3533, 547, 442.
Mamoni, 168.
Mandarsjah, 168, 173, 319, 3524, 525.
Mandhar, 72, 104, 162, 169, 360, 406,
420, 454.
Maneter (eiland), 113, 500.
Mangarai, 11, 162.
Mangindano, 507.
Mangiti, 169.
Manila, 28, 41, 85, 100, 132, 133, 208,
229, 271 -274.
Mapasompa, 125, 168.
Mapule, 418, 425, 435.
Marchier (CG. B.), 451.
Mardykers, 12, 23, 43, 48, 65, 72, 82,
107, 129, 131, 146, 165, 184, 190,

152, 276, 278,

Original from
PENN STATE
