REGISTER VAN PERSONEN- EN PLAATS-NAMEN.                519

Hurt (A), 83, 174, 329, 346, 406, 457,   279, 317, 3526, 350, 574, 404 -406,
450.                 418, 441, 500.
 (M.), 26, 27, 47, 60, 75, 117, 194, Huys (P. CG), 181.

195, 227, 244, 250, 259, 272, 277, Huysman (A), 90, 342.

Lo

I.
Ima Raksa (kiai loerah), 6668, 84.    5539, 547, 566, 568, 589, 592, 408,
Indragiri, 252, 258, 3550, 547, 548,   410, 425, 427, 458, 461, 482, 485,
427.                            508, bog.

Indramajoe, 10, 11, 22, 40, 42, 61, 62, Indrapoera, 69, 158, 205, 247, 295,
78, 80, 104, 105, 124, 126, 143, 145,   296, 398, 400, 401, 455.
161, 164, 186, 189, 210, 212, 255, Isbrantse (H.), 548.
238, 252, 254, 267, 309, 311, 334, Ispahan, 464, 467.

J
Jacobs (B.), 418. 290, 294299, 308, 315, 314, 316
, (M). 469.              518, 526, 327, 329, 353, 334, 539,
Jafnapatnam, 55, 56, 152, 308, 355, 554    344 3541, 3550, 554, 363, 564, 566,
5712, 373, 456.                  567, 3577, 3587, 3588, 391, 395, 405,
Jakatra (koninkrijk), 76.                406, 409, 411, 416420, 425,

 (schans), 13, 23, 44, 64,82,107, 427, 432, 453, 431, 458, 4504b52,
130, 147, 166, 191, 214, 239, 256, 458, 468, 476, 477, 480, 484, 506,
269, 292, 312, 338, 370, 594, 412, 509.

429, 465, 486, 511.               Javaansch-kwartier te Batavia, 156.
Jansen (M.), 479.               Javanen, 13, 18, 19, 25, 28, 50, 82,
 (W.), 347.            92, 98, 108, 118, 122, 125, 157,

Japan, 1, 16, 17, 20, 52, 5558, 85,   141, 147, 152, 15b, 156, 159, 166,
88, 96, 106, 107, 115, 116, 207209,    177 179, 185, 184, 191, 195, 214,
219, 250, 253, 260, 266, 282, 294,   237, 259, 256, 277, 292, 294, 312,
300, 313, 531, 548, 551, 355, 556,   518, 3558, 547, 352, 370, 3587, 594,
512, 374, 3578, 379, 408, 417, 489,   412, 420, 422, 429, 463, 465, 466,
490, 492.   469, 479, 486, 487, 497, 5OI,

Japaneezen, 287, 317, 346.           BI.

Japara, 11, 18, 19, 22, 2931, 42, 49 Jonckers-gracht te Batavia, 158.
bl, 65, 6568, 77, 78, 80, 8585, 98,  Jongelingh (A), 116.

99, 103, 114, 115, 118, 119, 122, 123, ; Jongh (M. de), 25, 27, 50, 60,
125, 134, 140, 141, 144, 145, 152,   712, 97, 123, 140, 167, 317, 525,
155, 158, 160, 161, 165, 175-175,    326, 340, 550, 359, 3561, 374, 417,
177, 179, 181, 186, 194, 201, 210,   450.

213, 218, 220. 226, 255, 258, 248 Jonker (kapitein), 131, 154, 585.

250, 252, 263, 265, 284, 286, 287,

Original from

Digitized by Google                                   PENN STATE
