REGISTER VAN PERSONEN- EN PLAATS-NAMEN.                525

573, 455, 456, 467, 478, 479, 495, 595, 417, 420, 422, 459, 455, 465,

496, 503.                  476, 503, 504.
Pays (C.), 134.                     Poeloe, 125.
 (M.), 272, 320.              E  bali, 132, 134.
Pearl, 33.                         doea, 33.
Pedel (W.), 245.           1 aut, 347.
Peirak, 67, 68, 84.                   -pandjang, 152, 1354, 151, 152, 496.
Pekalongan, 10, 11, 23, 60, 76, 78, 99,       -rhoen, 5.

104, 105, 124, 145, 164, 186, 189,
210, 212, 255, 252, 254, 266, 288,
508, 511, 355, 555, 566, 568, 590,
592, 409, 410, 425, 459, 460, 481,
485, 507, 509.

-slantan, 12.

-timaon, 181, 219, 408.

-tjinko, 145, 203, 335, 398, 401.
Poerbaia (pangeran), 114, 346.

Poes (J. A), 535.

Peking, 280.                      Point de Gale, 111, 161, 529, 371,

Pelletier, 415.                         479.

Pemboeang, 238.                    Pontang, 27, 178, 184, 200, 252, 242,

Peper-baai, 169.                 273, 293, 3135, 335, 355, 382, 589,

Pereira (C.), 378, 385.                 402, 404, 469, 470, 472, 475, 481,
 (M.), 189.                   487, 490, 496.

Perzie, 29, 99, 112, 115, 119, 120, 159,  Ponto-premera, 95.
141, 142, 148, 150, 177, 192, 195, Poolman (C), 421, 450, 502.
278, 518, 519, 540, 346, 389, 596, Portier (C.), 116, 340, 564.
415415, 443, 455, 456, 464, 467, Portugal, 280. .

473, 474, 485, 493.           Portugezen, 102, 276, 281, 295, 299,
Pieters (B.), 149.                     3526, 347, 451, 465 467, 494.
Pietersze (C.), 272, 418.              Postillon-eilanden, 181.

Pieterszen (J.), 131, 350, 583.         Priaman, 68, 72, 204, 272, 300, 316,
Pilavoine (V.), 35, 48, 59, 110.           517, 399.

Pipeli, 488.                        Prinsen-eiland, 352, 584.

Pit (L.), 25, 90, 542, 441.             Punto das Pedras, 1352, 307, 372.

Pits (J.), 2, 15, 45, 69, 119, 158, 157, Putmans (J.), 492.
158, 202, 247, 278, 295, 341, 550, Pyl (C.), 119.

).-
Quaelbergen (C. van), 8, 75, 350, 466.  Quinam, 81, 308, 355, 352, 3568, 385.
RR.
Ranst (C.), 2, 5, 15, 36, 102, 121, 122,  Reghter (C.), 496.
180, 221, 257, 514, 344, 384, 402,  Rembang. 22, 33, 42, 50, 51, 61, 77,

457, 467, 488.                    79, 85, 100, 105, 105, 114, 122, 125,
Reenen (van), 184.                 126, 134, 14l, 144, 146, 148, 155,

                                              Original from
Digitized by Google                                   PENN STATE
