516

Claessen (L.), 149.
 (B), 119.

Clant (3), 442.

Cloon (F. van), 423.

Cnol (P.), 121, 580.

Cochin-China, 67, 84.

Coddingh (J.), 156, 218.

Coehum (J.), 545.

Colbert, 285.

Colee (P.), 8, 90.

Collet, 48, 59, 110.

Cook (P.), 552.

Coolman (J.), 151, 583.

Coopman (P.), 88, 113, 120, 158, 202,
224, 228, 3550.

Cops (J.), 75, 122, 175, 539, 436.

REGISTER VAN PERSONEN- EN PLAATS-NAMEN.

Corle (C. O.), 450.
Cornelissen (C.), 150.
 Correput, 297.
Costa (M. de), 350.
 (P. de), 349.
 Couper (J.), 19, 29, 30, 77, 84, 114, 122,
152, 158, 160, 1735175, 177, 194,
  218, 226, 248, 265, 265, 277, 284,
286, 294298, 518, 526, 327, 359,
 554, 3564, 588, 416, 419, 452, 455,
451, 468.
, Gracouw (G.), 90, 91, 542.
Cris (de), 353, 415, 420.
Groegh (CG. J.), 470.
Groesen (F.), 91.

DD.

Dacres (H.), 470472, 474.

Dam (J. van), 227, 252, 242, 258, 294,
515.

Danielsen (J.), 119, 470.

Danisborg (fort), 58, 39, 95, 241, 249.

Dasi (singadja), 160.

David van Strantwyck (G. de), 76.

Deenen, 243, 247, 249, 250, 299, 554,
588, 454.

Delft, 14, 95, 95, 102, 116, 198, 352,
572, 450, 492, 497.

Deli, 42.

Demak,
103,
186,
255,
510,
591,
458,

11, 18, 22, 31, 42, 61, 65, 98,
118, 125, 126, 145, 155, 164,
188, 210, 215,
267, 288, 290,
516, 554, 355,
408, 410, 418,

299, 500, 509,

425, 427, 451,
461, 481, 485, 507, 509.

Denemarken, 3, 38, 95, 98, 241, 496,

505.
Derbent, 464.
Dico (C. J.), 452.
Diest (H.), 200.

Digitized by Google

256, 258, 252,

566, 567, 387,

 Diestpoort te Batavia, 13, 23, 44, 64, 82,

107, 130, 137, 147, 158, 160, 166,
      191, 214, 239, 256, 269, 292,
  512, 538, 555, 370, 587, 594, 412,

429, 463, 486, 511.
Dinckels (J.), 91, 245.
Dingding (eiland), 193.
Diringo, 42, 79, 104, 124, 143, 145, 162,
163, 186, 189, 210, 215, 256, 258,
254, 366, 590, 592, 409, 411, 426,
427, 459, 460, 481, 485, 507, 509.
, Disponteyn (D.), 576.
Djambi, 3, 1720, 22, 28, 54, 73, 75,
121, 123, 137, 151, 152, 156,
159, 175, 179, 220224, 229
231, 251, 258, 260, 261, 271,
274, 279, 288, 509, 315, 528,
336, 3555, 367, 573, 580582,
403, 404, 416, 421, 430, 440,
442, bbhh49, 465, 474, 487,
502.
.    -neezen, 298, 446 449.
Djoeana, 11, 19, 350, 351, 42, 50, 60, 62,
77, 79, 80, 104, 105, 114, 119, 124,

Original from
PENN STATE
