REGISTER VAN PERSONEN- EN PLAATS-NAMEN.

Bombay, 259.

Bonang, 12, 42, 78, 103, 105, 126, 145,

162, 165, 186, 188, 211, 212, 254,
482, 509.

Bone, 454.
 (radja), 25, 196.

Bongas, 204.

Bono, 566.

Bonthain, 24, 366.

Borang, 124.

Borges da Silva (J.). 274, 275, 281, 342.

Borghorst (J.), 16, 37, 55, 71, 94, 95,
103.

Borneo, 366.

Bort (B), 1, 2, 19, 28, 48, 121, 122,
181, 195, 209, 227, 259, 271-275,
293, 313, 350, 548, 549, 572, 384,
404, 405, 408, 415, 418, 430, 459,
467, 489, 491.

515

Boudaen, 371.

Boudewyns (P.), 287, 317, 588.

Boulan (J. de), 90, 91, 277, 280, 528,
542, 345.

Bout (P. J.), 3549, 350.
Brahan, 566, 368, 425, 460.

Brebes, 104, 145, 187, 211, 238,
566, 409, 427, 481, 510.

Breen (G. van), 24, 106, 571.

Brelius (T.), 149.

Bremer (J.), 8, 75, 3530.

Brevinck (A), 245.

Broeck (M. van den), 94, 95, 230,

Broecq (H. van den), 453.

Broek (P. van den), 452.

Brouwerius (D.), 49, 475.

Buren (redoute), 424.

Burgh (P. van der), 433, 451, 476.

Butler (D.), 464, 467.

254,

285.

C.

Caef (W.), 3, 53, 40, 51, 54, 66, 68, 75,
85, 1352, 153, 148, 151, 155, 183, 201,
202, 208, 217, 229, 231, 242, 243,
247, 249, 250, 2568260, 262, 264,
273, 281, 298, 3501, 3515, 318, 527,
552, 362, 355, 364, 572, 375, 402,
hl, 450, 453, 457, 449, 465, 468,
414, 487, 495, 502.

Caesar (C.), 351.
 (M.), 24, 96, 115, 209, 260, 351,
489.

Camp (A), 260.

Camphuys (J.), 115, 208, 245, 351, 348,
564.

Caron (F.), 357, 371, 5735, 582, 5383, 386,
589, 402, 404, 416, 420, 452, 455, 451.

Carvallo (B.), 50.

Casembroot, 500.

Caulier, 306, 478.

Ceilon, 15, 16, 94, 95, 102, 110, 111,
159, 140, 150, 151, 177, 192, 195,

Digitized by Google

250,
550,
455, 458,
467, 475,
24, 521.

242,
511,

251, 278, 281, 307,
3572, 379, 387, 388,
h42, 450452, 455,
474, 479, 493, 605.

597,
456,

Celebes,

Ceram, 465, 466, 496, 505, 506.

Cheribon, 5, 12, 22, 40, 41, 46, 61, 62,
79, 80, 104, 105, 124, 126, 145, 14b,
162, 164, 186, 188, 210, 213, 2356,
2358, 252, 254, 266, 288, 290, 508,
310, 333, 3535, 347, 566, 368, 390,
592, 408, 410, 426, 427, 457, 460,
478, 479, 482, 483, 507, 509.

China, 96, 101, 105, 208, 273, 280, 281,
331, 355, 568, 592, 508.

Chineezen, 4, 31, 91, 92, 139, 1355, 141,
151, 152, 156, 258, 265, 271, 273,
274, 277, 286, 287, 294, 295, 297,
298, 313, 335, 552, 3553, 575, 585,
387, 402, 404, 406, 420, 451, 452,
487, 496, 500, 505, 504.

Original from
PENN STATE
