494              REGISTER VAN PERSONEN- EN PLAATS-NAMEN.

Ipere Moedi, 500.                  Isoff (Kodja), 54.
Isempoer, 517.                 Ispahan, 511, 515.
Ismael (Intje), 54, 55, 584.           Itam (Intje), 466.
 Mellechahan (Said), 207. Ivie (T), 545, 557, 558, 406.
J-
Jacobsz (IL), 227.               402, 405, 405, 428, 451, 440, 441,
   (J.), 70, 71, 122,          444, 445, 447, 449, 450, 457, 467,
Jafnapatnam 95, 217, 409, 415.          4735-476.
Jakatra, 255, 259, 273, 274, 559, 400, Japon (kitjil), 526--528.
401, 407, 410, 414, 416.         Jaran, 470.
Jangsalang, 565, 427, 459.            Jatoe Tehakeke, 451.
Janke, 205.                         Jattanura, 95.
Jokthai, 121.                   Java, 269, 529
Jansz (E.), 199.                  Javanen, 4, 57, 62, 110, 125, 124, 129,
 (J), 171.                164, 165, 178, 229, 245, 248, 287,
(W.), 17.                306, 3525, 338, 359, 34l, 342, 545.
5    53. 5

Japan, 45, 72-74, 82, 107, 110-113,   546, 3       56, 359, 361, 362,
117120. 125, 127, 150, 152, 156,   566, 584--587, 589, 592, 402, 4
158140, 142, 145, 145, 147154,   422, 455, 444 447, 460, 467, 474, 4
156, 158, 159, 162, 164, 171, 175--177,  Jedo, 151, 155, 156, 159, 145, 152.
181, 215, 242, 244,248253, 256-265.  Jeko-no-kami, 156, 158.

277, 281, 282, 506, 315, 522, 559,  Jenligoes (J.), 142.

545, 549, 550, 469.               Jeronimo, 142.
Japanezen, 75, 74, 78, 82, 83, 148, 150,  Jeronimusz (L.), 66.
152, 155, 157, 245, 346, 405.     Joartan, 161, 585.

Japara, 10, 11, 13, 17, 35, 45, 46, 55-57,  Jocho, 110
6163, 68, 71, 120, Hs 124, 129,  Joeda Karti, 355,
150, 159, 161, 165-167, 174, 179,  Joehocwan, 252.            ;
204206,214,215,221,255,246 248,  Jok sim, 112, 115, 158, 159.

255, 269, 276, 280. 286, 305, 304,  Jone (C.), 2 227.
523, 3533, 554, 557559, 541552, Juan (don), 257, 575.
354556, 560562, 567, 368, 374,  Junio (R.), 265.
575, 384- 587, 589, 592, 595, 598,  Judia, 152.
EK.
Kaap de goede hoop, 61, 104, 195, 545,    196, 198, 199, 202, 225, 251, 252,
344, 346, 459.       465, 466.
Kabasitang. 429.                    Kaflers, 241.
Kaboe, 295.                        Kagajang, 282.
Kaertekoe (M. W.), 4,    161, 180,  Kaibobo, 5055, 287, 491, 292, 295, 572

Original from

piokized by (SO   gle                     UNIVERSITY OF WISCONSIN
