Pedel, 114.

Peeckel (J.), 229.

Pegu, 87, 88, 90, 91, 170, 189, 207
218, 219, 269, 520, 419, 421, 425.

Peka, 285.

Pekalongan, 46, 71, 158 Bord Aal  25
247, 272,             3
545, 547, 548, 3556, 560, 561, 374,
575, 585587, 468.

Peko, 118, 176, 248, 264, 267.

Pelisa, 452, 455.

Perak, 56, 70,                5
3541, 3545-3545, 548, 556, 5   2
565, 3575, 585587, 589, 595, 402,
406, 418, 422, 427429, 451  4
449, 459, 470, 476.

Perboekistna, 194.

Perziaan, 93, 188.

Perzig, 18, 60, 88, 90, 150, 175, 176,
180, 189, 192194, 209, 217, 220,
256, 264, 507509, 511, 515, 515,
3518, 519, 375, 578, 579, 585, 409,
422, 440, 449, 457, 474.

Pesaman, 12.

Pessaert (B), 90, 104, 185, 184, 218,
322, 555, 590, 420.          :
Petapoeli, 87, 105, 104, 186189, 195,

217, 218, 522, 590, 418.

Piacha, 455, 457, 458.

Piers (Mr), 179.

Pieterboots-haven, 459.

Pietersz (B), 509, 510, 514, 517, 578.
    (G.), 227
  (P.), 51.

Pinamba, 115, 159.

Pinguero (A. L), 565.

Pipeli, 89, 91, 92, 104, 216, 217, 219,
519, 520, 420.

Piscadores, 112, 114, 116, 118.

Pith (L.), 555, 558, 545, 345, 547, 549,
585.

Plas (A. van der), 216, 519, 420.

122, 210, 276, 52

Poecati, 50.

Digitized by GO   gle

502       REGISTER VAN PERSONEN- EN PLAATS-NAMEN.

Poenaba, 176.

Poeloe Ai, 60, 296, 446.
   Babi, 61, 559.
 Kadra, 189.
 Koekap, 162.

n   Lada, 250, 565.
 Pandjang, 356, 559.
 Pasir, 62.
 Roen, 581.
 Varella, 174.

Poelosera, 8891,
521, 522.

Poerangara, 10.

Poeti, 242,

Poetih (nachoda), 278.

Point-de- Gale, 17, 18, 66, 67, 92, 95
95, 96, 99, 101-105, 186, 189. 217,
220, 255, 2356, 238240, 318, 521,
3554557, 597, 407, 411, 415 417
422, 445, 444, 474, 478, 480482.

Poneri, 421.

Ponnemille, 185.

Poortman (M.), 195.

Poppe (A. C.), 227.

Porto-novo, 8890, 206, 521, 421.

Portugal, 141, 190, 199, 220, 257, 575,
411, 452, 441, 445 444, 447, 448, 461,
469.

Portugezen, 1-5, 9, 5540, 55, 56, 61,
66, 71, 76, 77, 81, 82, 84, 85, 90,
92, 95, MW98, 103, 112, 118, 122,
129, 150, 152, 155, 155, 156, 158 145,
147149, 151, 152, 156, 157,
161164, 175, 174, 180, 185185,
187, 189191, 195, 198, 199, 202, 204,
208, 209, 216, 217, 220, 221, 225226,
de 254259 245245, 255,

259261, 265, 269, 275, 279282,
5335556, 558, 540, 545, 545, 550, 55
3555, 5357, 558, 561563, 567, 581. 597,
598, 403, 405, 407, 411416, 418,
419, 422424, 427, 450, 440 445,
447, 461, 465, 466, 469, 475, 481 -485.

185, 206, 217, 219

-

Original from
UNIVERSITY, OF WISCONSIN
