REGISTER VAN PERSONEN- EN PLAATS-NAMEN.

Taelman (C.), 540.

Tafel-baai, 75, 216, 220, 248.

Tagal, 64, 89, 108, 110, 152, 146, 164,
184, 205, 251, 252, 245, 267, 283,
284, 312, 515, 552, 351, 376, 3595,
397, 418, 420, 437, 458, 460, 495,
497.

Takolonda, 321.

Tambalang, 65.

Tamboekoe, 252.

Tamelaba (krang), 480.

Tamsoei, 296.

Tanakeke, 237.

Tanara, 20, 52, 105, 1352, 147, 160, 313,
396, 398, 418, 456, 496.

Tanette, 275, 480, 482.

Tangblan, 55.

Tangerang, 355, 52, 89, 164, 207, 226,
227, 251, 244, 253, 3515, 552, 550,
576, 3578, 595, 418, 420, 456, 461.

Tangkal, 228.

Tartaren, 294, 297 500.

Tegenepatnam, 60, 62, 286, 308.

Tello, 76, 77, 79, 275276.
 (krang), 103, 104, 582, 386, 587.
 (radja), 468470, 475, 480 485.

Telolo (dang), 480, 482.

Terhorst (H.), 86, 87, 182, 186, 529,
559, 357.

Ternate, 6, 19, 52, 55, 453, 44, 7678,
93, 96, 97, 104, 120, 121, 129, 140,
177, 181, 256, 237, 242, 245, 249,
275, 518, 519, 3521524, 544, 564,
569, 585, 406, 408, 427, 451, 446,
448, 449, 468, 470, 476, 481, 485
490.

Terribi Gampo (radja), 565, 366.

Texel, 27, 57, 503.

Theems, 27.

Theunisze (P.), 55.

Thim (F.), 95.

Thomasz (A.), 126, 548, 373.

 (6), 349.

Google

515

Thyssen (J.), 20, 86, 87, 94, 125, 126,
198, 201, 202, 209, 212, 214, 216,
220, 224, 229, 541, 545.

Tidore, 44, 242, 249, 569, 585, 589, 590.

Tikoe, 277.

Tima (kapitein), 227.

Timin, 97.

Timor, 6, 7, 22, 42, 76, 89, 177, 184,
185, 206, 252, 245, 249, 251, 267,
280, 281, 558, 3564, 596, 424, 459,
462.

Tisna Djaja (kiai demang), 507.

Tjerita, 35, 52, 64, 90, 152, 164, 205,
266, 282, 513, 352, 456.

Tjiasem, 20, 21, 55, 56, 51, 55, 65, 65,
88, 91, 109, 110, 132, 155, 146, 147,
164, 166, 185, 185, 204, 206, 231,
252, 244, 245, 267, 282, 284, 515,
514, 531, 553, 550, 3555, 577, 578,
3596, 597, 418, 420, 456, 458, 461,
465, 495, 497.

Tjilimajoe, 5553.

Tjiringin, 21, 55, 52, 64, 109, 152, 147,
152, 184, 205, 229, 282, 550, 418,
436, 462.

Toeban, 56, 418, 421.

Toelang-bawang, 9, 41, 58, 69, 100.

Toeratea, 19, 45, 44, 96, 139, 237, 275,
510, 482.

Toli-toli, 45.

Tolowan, 290.

Tomboekoe, 97.

Tombolo (galerang), 468, 481, 484.

Tomi, 487.

'Tompo (krang), 198.

Tonero, 3570.

Tongkal, 405.

Tonkin, 4, 58, 69, 89, 226, 229, 259,
240, 253, 258, 287, 305, 505, 506,
515, 314, 534, 555, 454, 456 458.

Tontoli, 97.

Torbaja, 52, 64, 65, 89, 109, 110, 164,
244, 596.
