REGISTER VAN PERSONEN- EN PLAATS-NAMEN.

Isbrantsz, 60.

Isop, 155 157.

Ispahan, 192, 512514, 517, 518, 340,
552, 432, 561565.

552,

615

Istachan (Sjah), 552, 554, 558, 559, 595,
594.

Italianen, 188.

Itchien, 52.

J-

Jacobsz. (A),
Jafnapatnam,

352.

25, 27, 119, 158, 15b, 164,
189, 191, 205, 206, 256, 528, 558
540, 342, 556, 557, 412, 457, 402,
485, 560, 577579, 596.

Jager (H de), 78, 85, 85, 86, 111.

Jakatra, 44, 45, 457.

, (schans), 605.

Jammerbeek, 298.

Janssen (W.). 585.

Jansz (C.), 584.
 (D.), 548, 442.
 (F.), 470.

. (3), 230, 457.
 (L.), 116, 557.

Japan, 17, 50 -52, 55, 45, 44, 49, 65, 65,
66, 77, 90, 9698, 110, 120, 151, 155,
139, 141145, 149, 151, 157, 192,
199, 205, 207, 209, 210, 216, 217, 257,
245-248, 257, 258, 261, 262, 271,
375, 284, 299, 507, 532, 566, 396, 459,
501, 505506, 508, 509, 518, 521
525, 528, 529, 558-540, 549, 556,
558, 579, 580; 582, 584, 596, 599.

Japanezen, 32, 59, 45, 49, b4l.

Japara, 18, 19, 21, 27, 28, 354, 36, 42, 50

52, 54, 56, 67, 74, 107, 116, 117, 125,

124, 128, 146, 147, 206, 208, 220,

921, 224226, 256, 245, 249, 250,

259, 275, 275, 276, 282

297,         506, 507, 545,

546, 548, 549, 551, 555, 598

367, 568, 398, 405, 406, 445,

4710, 471, 474, 476, 478, 479,
520, 530552, 541, 54b, 600, 602.

Java, 8, 2355, 457, 481.

Java’s Oostkust, 471.

Javanen, 4, 6, 9, 42, 49, 51, 56, 67, 68, 75,
76, 78, 82, 95, 111, 119, 129, 207,
225, 226, 252, 266, 270, 500, 566,
545, 347, 3548, 415, 466, 467, 470,
484, 491, 520, 605.

Jedo, 50, 31, 284, 501, 502, 505,
580, 582.

Jochems (J.), 520.

Joeda Watjana, 469.

Jofisama, 30, 51, 502, 509, 581.
 -sidonne, 55.

Jong (M. de), 226, 255, 545, 544.

Jonker (kapitein), 227, 295, 589, 544.

Joseph (M. de St), 571.

Juan (Don), 291.

508,

KE.

Kaap de goede hoop, 9, 40, l,
311, 212, 216, 256, 237, 245,
349, 259, 285, 285, 54b, 568,
464, 551, 552, 579.

Kadoele, 3556.

Kaila, 572.

Kailpatnam, 25.

246,

Digitized by Google

208,

584,

 Kainkota, 441.
 Kai-tsoe, 19, 56, 280, 556.
 Kajarot (rivier), 525.
’ Kalamata, 20, 221, 240, 241, 287, 288,
586, 457, 474, 491, bO1, 545, b4.
Kalang, 415 .
' Kalapoera, 565, 568.

Original from
NEW YORK PUBLIC LIBRARY
