REGISTER VAN PERSONEN- EN PLAATS-NAMEN.                 619

Lokomsant, 521, 522, 448.            Louis (S.),  vn en

Lomboeti, 385. Lucasz (A),      B, 267, 414, 480.
Lombok, 52, 552.                    Lucia D s4

Londen, 56, 447. Luton (D.), 54, sn  116, 124, 128, 206,
Longsa, 542.  225, 256, 245, 249, 274, 275, 284,
Lontoor, 251, 254   545, 548, 559, 568, 406, 465, 470,
Loth (S.), 9, 54, 56, 265, 294.           478, 479, 520.

MM.

Maha, 287.                      550, 552, 542, 545, 588, 598, 600,
Macao, 55, 77, 86, 98, 126, 151, 154, 204, 602.
220, 240, 251, 544, 545, 586, 414,  Makasaren, 50, 251, 255 255, 259, 241,
457, 459, 465, 476, 477, 494 496,   289, 585, 589, 400402, 406, 408,

521, 525, 526, 529.              458, 465467, 479, 484, 535, 542, b4d.
Macaosche eilanden, 515, 524.          Makian, 2, 20, 287, 293,
Macquelin (J.), 588.           Malabar, 24, 25, 142, 164, 171, 178,
Madagascar, 41, 211, 212, 216, 285. 181, 186, 187, 189191, 201, 204
Madaie, 175.                   206, 210, 299, 509512, 520, 321,
Madampe, 189.                     525, 327-529, 552, 535, 353355,
Madapalam, 512.                   357, 370, 410, 411, 415, 417, 424

Madoera (pangerang), 53, 51,56, 208, 557. 426, 428, 452, 454, 450, 456, 460,
Madoere, 25, 178, 185, 205, 555 -557, 556, 557, 568, 570 579.

409, 452, 451, 572, 576.           Malabaren, 25, 172, 185, 187, 201, 205,
Madras. 206, 536, 3537, 451, 487.      4351.

Madraspatnam, 33, 159, 165, 556, 557, Malafarcha, 4648.

457, 451, b60.                   Malaka, 8, 24, 27, 5456, 68, 78, 81,
Madura, 249, 254, 502, 545, 472, 550.    82, 109111, 115, 119, 120. 126,
Maelsuyker (J.), 542.              154, 159, 145, 147150, 152, 158,

.    (W.), 280.   161, 162, 165, 168, 190, 199, 204,
Maitara, 292.   209, 210, 217, 225, 252, 256- 358,
Majoeta, 48, 107, 222, 255, 365.         264, 266271, 276, 277, 284, 298,

Makasar, 15, 18, 20, 28, 55, 34, 42, 53, 56,    299, 510, 532, 555, 558, 546, 547,
67, 70, 75, 77, 79, 80, 85,86,95,96, 562, 566, 3567, 576, 3577, 396, 598,
108, 109, 111, 115, 116, 124126,   409, 415417, 421, 459, 442 44b,
129, 151, 158, 160, 207, 219221     452, 454, 456, 459 461, 468, 480---

227, 228, 255, 258245, 249, 251     482, 487, 508, 512, 559, 590, 591, 599.
254, 256, 265, 275, 274, 276, 281, 284,  Malapa Maloe, 24, 20, 3519, 520, 525,

e e)
Den,

288, 292, 295, 298, 5301, 507, 508,
545545, 548, 568, 578, 580

525, 572, 451, 572, 575.
Maldiven, 24, 115, 157, 357, 426, 450,

had

ot ol 19
to
ha

85, 385 -587, 589, 590, 594, 457,    560, 571.
458, 457, 462, 464, 465, 471, 476 Maleijers, 56, 75, 81, 125, 250, 252, 270,
419, 488, 489, 491498, 5OI, 520,    500, 457, 467.

En                                             Original from
Digitized by Google                          NEW YORK PUBLIC LIBRARY
