610

Chansamma, 136.

Chastan, 17, 195, 447.

Chasoesa, 18, 115, 116, 196, 257.

Cheribon, 28, 62, 106, 108, 145,
222, 225, 246, 250, 255, 255,

284, 500, 549, 472, 551,

147,

281,

282,                       552,
601.

Chesne (M. du), 209, 229.

Chilau, 189, 556.

China, 32, 57, 60, 62, 65, 65, 67, 77,
78, 80, 8688, 99, 104, 105, 151,
144, 151, 192, 204, 208, 217, 229,
244, 260265, 265, 524, 506, 515,
5b58540, 550, 583, 584.

Chincheu, 67, 65, 67, 77, 87, 519, 584.

Chincho (rivier), 57.

Chinezen, 1, 5, 7, 50, 51, 59, 41, 435
45, 5558, 60, 61, 77, 82, 85, 86,
87, 97, 99, 109, 110, 120, 125, 152,

144, 169, 192, 205, 207 209,

254, 255, 257, 238, 247, 249,
252, 261, 262, 265, 268, 275, 543,
557, 585, 596, 484, 496, 499 5O1,
505505, BOI, 514, 515, 522526,
b28, 5B58540, 544, 549, 550,
585, 585, 588, 590, 598, 599.

Chosia Ebrahim, 245, 544, 558, 659.

Christiaens (D.), 457.

.    (J.), 486.

Christoffel (H.), 422.

Claesz (J.), 115.

155,
228,

552.

REGISTER VAN PERSONEN- EN PLAATS-NAMEN.

Claesz (L.), 254.
 (M.), 25, 230.

Cleeff, 85.

Clement (L.), 29.

Gloot (J.), 552.

Cochin-china, 98, 525

Cok (P.), 230.

Col (P.), 209.

Concordia (fort), 54, 271, 272, 547.

Congo, 194, 195, 425.

 Constant (C.), 6

Coper (J.), 559.
Coppenolle (A. van), 405.
 Cops (J.), 298, 342  2506, 409, 462, 541
 Corbusier (J.),     , 455.
Cornelisz (C.), 4
Corthals (J.),  4.
Cos (S.), 225 22

545.

8, 231, 234, 300, 306.

588, 545.
Coulster, 178, 186, ne 527, 410, 411
451, 452, 450, 569,     87451

 onper (J.), 6, 154, 21. Tos 585, 597.
596.               .

 Coyet (F.), 564, 565, 568.

 (G.), 561, 362, 564.

Grngen (IL), 56, 115.

Croese (A), 545.

 Culenborg of Cuylenburgh (H.). 22, 55, 54,
99, 271, 272, 547, 548, 558, 526, 540,
544.

Curre (M.), 483.

DD.

Dacherom, 112, 155, 156, 165, 167, 169,
504, 535, 456, 441, 511515.
Dalen (van), 527, 561, 575.
 (H. van), 250.
 (’. van), 2
Dam D. van), 552.
 (J. van), 18, 19, 49, 226, 227, 251,
254, 280, 295, 3035, 531, 396, 599,
406, 407, 458, b4l, 543.

Digitized by Google

 Daman, 200, 201, 320, 424.

Damme (eiland), 220, 251255, 259.
505, 504, 402406, 446, 465, 465,
   474, 485, 491, 543, 545.

Dansser (S. den), 86, 149.
Daoetchan, 16, 653, 555.
Darasakoer, 137.

Dasi (sengadji), 271, 548,
Datis (J.), 442.

558, 559.

Original from
NEW YORK PUBLIC LIBRARY
