624

Pekalongan. 27, 145, 147, 222, 246, 254,
500, 502, 549, 472, 551, 601, 602.
Pekin, 57, 88-90, 98100, 217, 261,

bl7, 524, 584.
Pembar (straat van), 451.
Penne (A), 255.
Peper-baai, 550.
Pera, 459.
Pereira (J.), 544.
Perelli, 167.
Peretali, 186.
Perzianen, 298, 561, 563.
Perzi, 7, 17, 25, 24, 55, 124, 158, 140,

141, 152, 158, 161164, 168, 171,
172, 186, 189, 190, 192-195, 199,
201, 202, 204 207, 210, 258, 276,
298, 505, 508, 509, 511514, 318
520, 522, 525, 527--529, 3552, 555,
540, 542, 546, 551555,  569 371,

315, 574, 596, 597, 415, 416, 422
425, 450, 451, 434, 457 -459, 446,
449, 450, 455 -456, 459 461, 481,
487, bO7, bOS8, 512, 557, 5i19 561,
565b56b, 568, b70572, 575, 577,
b81, b97.

Perzische golf, 518, 52:
Petapoeli, 155, 167, 455.
Petro (J. M.), 495.
Pherkomat, 195.
Piangsiangmang, 156.
Pilang, 290, 291.
Pin-kwa, 519.
Pipeli, 1517, 155157, 159, 140, 142,
202, 278, 557, 560, 594506.
Piscadores, 57, 58, 65, 65, 67, 86, 89,
b15, 518, 582,
Pit (L.), 79, 96, 131, 158, 229, 585.
Pittavin (A), 7.
Poeloe Ai, 231, 599, 406, 4:58, 485, 542,
5645.
 Aur, 260.
p Kandoor, 66.
 Lai-lai, 219.

Digitized by Google

REGISTER VAN PERSONEN- EN PLAATS-NAMEN.

Poeloe Oebi, 97, 524.
 Pandjang, 111.
 Pisang, 255, 599, 401.

Rhoen, 19, 51, 56, 220, 251 -
255, 295, 307, 405, 407, 408,
462464, 466, 469, 470, 478.
485, 484, 491, 5O1, b45, 588.
 Timon, 98, 209.
Tjinko, 45, 47, 48, 125, 565.
 Wai, 97.

 Poerba Negara, 595, 467, 484.

Poethai, 519, 5R2.

Point de Gale, 25, 24, 26, 159, 162, 164.
190, 191, 201, 206, 278, 509, 525.
928550, 540, 556, 409, 411 415,
416, 427. 450, 455. 454, 459. 450.
452, 486, 560, 577579.

Poliwan, 206.

Ponani, 191.

Pondi, 170, 455.

Poneli, 455.

Ponepili, 441.

Poneri, 25, 206, 487.

Pontang, 49, 95, 547.

Poolman, 58, 298.

Poolvoet (E.), 57, 45-45, 9698, 151,

236, 247, 248, 521, 522, 528, 538
540, 598600.

Porka, 24, 25, 171, 175, 178, 181, 184.

185, 187190, 204, 278, 555, 452,
450, 569, 570, 574, 575.

Porto, 255.

 -novo, 56, 81, 82, 110, 120, 160,

161, 452, 487.
. Portugal, 25, 7476, 79, 80, 8585, 96,
111, 115, 195, 519, 524, 546, 572,

575, 516, 457, 495, 504, 565, 566.
Portugezen, 17, 22, 24, 53 55, 59, 45, 79.
80, 85, 86, 9698, 115, 117, 151
154, 150, 152, 155, 155, 158, 160, 168,
171, 172, 174176, 178180, 182,
185, 186, 192, 194, 195, 201, 204
206, 215, 214, 216, 252, 259, 240, 259,

Original from
NEW YORK PUBLIC LIBRARY

ee
