REGISTER VAN PERSONEN- EN PLAATS-NAMEN.

Ishrantsz, 60.

Isop, 155 157.

Ispahan, 192, 512514, 317, 518, 340,
552, 422, 561b565.

615

Istachan (Sjah), 552, 554, 558, 559, 595,
594.

Italianen, 188.

Itchien, 52.

J-

Jacobsz. (A), 352.

Jafnapatnam, 25, 27, 119, 158, 155, 164,
189, 191, 205, 206, 256, 528, 558
540, 542, 556, 357, 412, 457, 462,
485, 560, 577579, 596.

Jager (H de), 78, 85, 85, 86, 111.

Jakatra, 44, 45, 457.

,    (schans), 605.

Jammerbeek, 298.

Janssen (W.). 585.

Jansz (C.), 584.
" (D.), 548, 442.
, (F.), 470.
. (J.), 250, 457.
 (L.), 116, 557.
Japan, 17, 50 -52, 55, 45, 44, 49, 65, 65,

66, 77, 90, 96-98, 110, 120, 131, 133,

139, 141143, 149, 151, 157, 192,
199, 205, 207, 209, 210, 216, 217, 257,
245 -248, 257, 258, 261, 262, 271,
275, 284, 299, 507, 532, 566, 596, 459,
501, 505506, 508, 509, 518, 521
523, 528, 529, 558-540, 549, 556,
558, 579, 580; 582, 584, 596, 599.

Japanezen, 32, 359, 45, 49, b4l.

Japara, 18, 19, 21, 27, 28, 34, 36, 42, 50

52, 54, 56, 67, 74, 107, 116, 117, 125,

124, 128, 146, 147, 206, 208, 220,

231, 224226, 256, 245, 249, 250,

255, 259, 275, 275, 276, 282

297, 500, 502, 506, 507, 545,

346, 548, 549, 551, 553, 558

567, 568, 3598, 405, 406, 445,

470, 471, 474, 476, 478, 479,
520, 530552, b4l, 54b, 600, 602.

Java, 8, 235, 4b7, 481.

Java’s Oostkust, 471.

Javanen, 4,6, 9, 42, 49, 51, 56, 67, 68, 75,
76, 78, 82, 95, 111, 119, 129, 207,
295, 226, 252, 266, 270, 500, 566,
35435, 547, 348, 415, 466, 467, 470,
484, 491, 520, 605.

Jedo, 50, 31, 284, 501, 502, 505,
580, 582.

Jochems (J.), 520.

Joeda Watjana, 469.

Jofisama, 50, 51, 502, 509, 581.

 -sidonne, 55.

Jong (M. de), 226, 255, 545, 544.

Jonker (kapitein), 22

Joseph (M. de St), 571.

Juan (Don), 291.

DO
ol

had

EO Vl LP LO
Do

er
S

508,

KK.

Kaap de goede hoop, 9, 40, 41,
211, 212, 216, 256, 257, 245, 246,
249, 259, 285, 285, 545, 568, 584,
664, 551, 552, 579.

Kadoele, 556.

Kaila, 572.

Kailpalnam, 25.

Digitized by Google

208, ' Kainkota, 441.

Kai-tsoe, 19, 56, 280, 556.
Kajarot (rivier), 525.

 Kalamata, 20, 221, 240, 241, 287, 288,

586, 457, 474, 491, BOI, 545, 544.
Kalang, 415 .

j Kalapoera, 565, 668.

Original from
NEW YORK PUBLIC LIBRARY
