tege. Ot ge  -

804                  REGISTER VAN PERSONEN- EN PLAATS-NAMEN,

Pagaden, 459, 506, 507, 680, 689, 692
694, 759, 758.

Pagagadin, zie: Pagaden.

Pagalaran, 255.

Paganoangh, 687.

Pahang, 426.

Pailetter, 86, 231, 253.

Paja Sitra, 419.

Palaboean, 658.

Palakka (Aroe), 207209, 313, 516,
546, 547, 558, 397, 559, 568, 585,
600, 601, 603, 604, 609613, 624,
625, 627, 628, 632, 6357, 658, 642,
648, 662, 674676, 688, 710, 711,
720, 751, 753, 755.

Palembang, 9, 52, 34, 43, 49, 62, 66,
78, 88, 89, 92, 102, 121, 128, 1353,
154, 146, 147, 165167, 171, 1753,
177180, 183, 184, 198, 317, 218,
220, 259, 261, 506, 340, 344, 346,
411, 415, 426, 432, 459441, 445,
466, 510, 555, 545, 578, 598 600,
611, 644, 691, 693, 713, 753.

Paliakate, 150, 205, 278, 559, 384, 458,
485, 564, 589, 628, 633, 641.

Palicol, 686.

Paliport, 251.

Paljetter, zie: Pailetter.

Palurty, 251.

Pamalang, 206, 3523, 3353, 556, 418, 466,
468, 481, 502, 555, 556, 575, 574,
614, 699, 701, 763.

Pamanoekan, 57, 26, 56, 57, 48, 50,
5658, 62, 72, 95, 9597, 99104,
107, 108, 110116, 118, 120, 130,
151, 155157, 147, 152, 153, 157,
160, 164, 165, 167, 169, 171, 172,
189, 196, 197, 199, 217, 225, W59,
262, 281, 282, 289-291, 296, 502,
514, 518, 519, 3522, 550, 331, 333,
535, 551, 562, 557, 565, 369, 571
3135, 575, 405, 409, 410, 422, 454,
458, 459, 466, 468, 475, 478, 479,

Digitized by Google

495, 495, 499, 502, 5O5 507, 510,
518, 519, 5352, 554, 536, 538, 555,
574, 585. 586, 592, 602 619, 635,
657, 646, 651, 652, 655, 675, 684,
699, 719, 75, 739, 758, 761.

Pampangers, 511, 512, 621.

Panakan Moedjangh, zie: Parakan Moen-
tjang.

Panane, 236, 2359, 241.

Panaraga, 658, 749.

Panaragan (Krang), 326, 397, 450, 639,
669.

Panawangan, 525.

Pangiwa, 651.

Panglima Radja, 166.

Pangokirang, 567.

Panida, sie: Wajahan Panida.

Panoelan, 485.

Paoe, 558, 691.

Papoea's, 391.

Parakan Moentjang, 181, 356, 404.

Parel, 13, 752.

Parker (R.), 504, 307, 308, 316, 529,
562, 565, 569, 391, 592, 394, 402,
406, 422, 425, 4355, 436, 460, 462,
465, 479, 585, 587.

Parnawangan, 476.

Parnegamme, 75.

Paroe, 243.

Paroeng Belimbing, 254.

Parombala, 254.

Paroua Diepa, 318.

Parve (D.), 11, 13, 16, 22, 91, 286, 315,
547, 425, 4358, 450, 455, 605, 737.

Parve (J.), 11, 17, 26, 89, 138, 146,
158, 286, 287, 514, 641.

Pasawahan, 602.

Pasir, 80, 122, 554, 536, 616, 701, 764.

Pasir Alang, 644, 6466468.

Pasoeroean, 487, 764.

Pasquaal (J.), 766.

Pasquael, zie: Verbeeck.

Passajanan, 459,

Original from
NEW YORK PUBLIC LIBRARY

