REGISTER VAN PERSONEN- EN PLAATS-NAMEN.

Harthouwer, 144.

Hartman (A.), 659.

Hartoch (G. de), 298.

’s Hartogenrade (D.), 512, 522,

Hartsinck (W.), 10, 172, 175, 188, 192,
195, 217219, 223, 230, 255, 256,
258, 266, 281, 314, 444, 445, 456,
474, 532, 558, 574, 595, 604, 608,
612, 632, 644, 646648, 652, 663,
666, 667, 672, G80685, 686, 689,
690, 692694, 713, 715717, 728,
756, 757, 759.

Hartsinck (VW. G.), 150, 559, 589, 607, 686.

Hatihatoe, 595.

Hatouwi, 563.

Hay, 595.

Heden (J. van), 445, 578, 720.

Helt (H.), 11, 228, 500.

Hendricxen (J.), 421, 470.

Hendrikse (H.), 264.

Hendriksen (R.), 124.

Henegouwen, 124.

Henrican, 671.

Herculessen (J.), 298.

Herenthals, 491.

Herkes, zie: Harckes.

Heyndricxen (E.), 515.    j

Hierapolitanen, 247.

Hiko, 416.

Hillebrantsen (J.), 515.

Hindostan, 360.

Hinloopen (B), 159, 146, 344, 484, 605.

Hoeck (GC. G. van der), 125.

Hoegli, 53, 124, 145, 148, 225, 656, 754.

Hoksieuw, 2, 35, 34, 129, 130, 158, 344,
545, 349.

Holland, 27, 268, 271, 307, 593, 577,
592, 595, 609, 7352, 743745.

llollanders, 97, 550, 574, 598, 629, 652,

195

655, 656, 6735, 688, 695, 696, 701,
711, 713, 719, 721, 742, 744, 746, 761.

Hollandia, 14, 752.

Holsteyn (J. F.), 11, 288, 358, 597, 600,
601, 657, 658, 666, 671, 677, 724, 750.
Hombergh (J.), 44, 60.

Honty, 5653.
Hoogland, 491.

Hoorn, 14, 55, 67, 449, 450, 515, 578, 757.
Hoorn (J. van), 10, 17, 66, 194, 501,
327, 328, 550, 385, 584, 444, 516,
556, 557, 610, 628, 645, 732, 754.
Hoorn (P. van), 1, 8, 12, 16, 91, 124,
136, 137, 195, 285, 315, 512, 715, 716.
Hoorn (P. van den), 20, 514, 752.

Hopman (A.), 566.

Hosten (A. van), 21, 296, 297, 299, 515.
Hottentotsch Holland, 133.

Hottentotten, 66.

Houpeko, 464.

Hugo (H.), 16, 66.

Hulft (G.), 237.

Hurdt (A), 9, 22, 46, 175,
312, 316,
553, 358,
313, 576,
594 402,
437, 447,
488, 508,
558,
619,
657 667,
105711, 724,

506,
44,
5710,

507,
547,
511,
586,
423,
486,
545,
591,

155.

560,
620,
675,
146,

250,
540,
562,
581,
409, 410,
448, 465,
524 526, 540,
564--575, 576,
622, 655659,
676 -679, 704,
147, 149752,

285,
542,
366,
382,
417,
481,

52b,
559,
519,

Hurdt (M.), 40, 153, 165, 226, 558, 565,
451, 464, 609, 691.

Huysman (J.), 150, 559, 589, 607.

Huysman (M.), 564, 505, 504, 605, 628,

686.

I.

ldop (Eutji), 380, 431.

Digitized by Google

 Ierland, 216, 222.

Original from

NEW YORK PUBLIC LIBRARY
