REGISTER VAN PERSONEN- EN PLAATS-NAMEN.

Cheribon, 2, 4, 6, 15, 24, 28, 30, 54, 56,
44, 48, BO, 57, 58, 63, 69, 70, 72,
15, 78, 80, 84, 91, 92, 969I8, 100
104, 107109, 114, 116-118, 120,
121, 150, 151, 147, 152154, 159,
161, 164, 167, 168, 174, 175, 182,
200, 206, 207, 214, 215, 217, 225,
226, 256, 259, 261, 279, 282, 285,
503, 513, 514, 3518, 3551, 555, 555,
351, 556, 558, 359, 365, 566, 568,
569, 372374, 401, 403, 405, 407,
408410, 415, 418, 419, 422, 425,
426-428, 437, 444, 44b, 455 -4bb,
459-461, 465, 469, 475, 476, 476,
479, 481, 494, 496, 497, 5O1, 527,
534, 536, 544, 546, 548, 549, 555,
575, 586, 588, 589, 592, 594, 604,
609, 612, 615, 616, 624, 626, 650

653, 645, 645, 647, 652, 656, 675,
684, 685, 695698, 700, 712, 714,
715, 719, 723725, 757740, 757,
158, 761, 762, 764.

Cheribonners, 305.

Chiliwidarga zie: Tjiliwidara.

Chillimy zie: Tjilamaja.

China, 2, 3, 61, 64, 5, 129, 179, 225,
260 262, 295, 521, 526, 550, 344

346, 349, 439, 156, 514, 556, 537,
616, 617, 682, 700, 701, 754.

Chinapack zie: Tjimapag.

Chincheeuw, 129, 556, 3585, 470.

Chineezen, 15, 55, 42, 47, bi, 59, 61,
63, 68, 75, 78, 80, 106, 107, 115, 121,
124, 126, 134, 158, 155155, 160,
161, 164, 168, 169, 184, 194, 196,
197, 211, 226, 264, 277, 279, 281,
282, 286, 289, 301505, 515-515,
326352, 355 357, 548, 555, 557,
358, 367, 370, 377, 581585, 586,
410412, 416, 421, 455, 445, 464,
465, 467471, 481, bil, 524, 526,
531, 546, 553, 557, 571, 574, 577
579, 597, 598, 605, 609, 615, 622,

Digitized by Google

787

624, 658, 655, 685,
760, 764766, 768.

Chinestrum (N.), 561.

Chipondo, 503.

Christenen, 110, 627.

Christiaensen (A), 224.

Christiaensen (N.),  599,
567, 758.

Christiania, 124.

Christoffelsen (J.), 128.

Cicila (Dang), 671, 672.

Cirreboya, 560.

Claes, 766.

Claesen (B.), 20, 286, 289.

Claesen (C.), 513.

Claessen (R.), 400.

Clarisse (L.), 526.

Clement (F), 615.

Clerici, 252.

Cleyer (A.), 12, 17, 286, 288.

Cloeck (J.), 16.

Coack (bocht van), 306.

Coantenga, zie: Koanteng.

Cochin, 5, 20, 8486, 225, 2350, 251--244,
246, 247, 249253, 564, 504.

Cock (G.), 515.

Cock (D. de), 522.

Cocq (P. de), 17

Cocx (G. W.), 21, 296.

Coddondawa, 524.

Codliko, 760.

Coedyck (H.), 198, 199.

Coeman (C.), 11, 525.

Coeta Pringy, zie: Kotaringin.

Coilan, 2354256, 258240.

Colangh zie: Kalang.

Coll (A), 521.

Colombo, 54, 74, 75, 257, 278, 094, 295,

564, 385, 451, 485, 603, 633, 634, 654,
655, 698.

Coloran, 598.

Comasissa Pamasa, 275.

Combo, 565.

702, 755, 759,

488, 509, 525,

Original from
NEW YORK PUBLIC LIBRARY
