800

Mangkoe Joeda, 214, 376, 560, 660, 748,
750.

Mangon Jaja (Demang), 750.

Mangononang, 214, 558, 660, 748 -750.

Manicabers, 45, 134.

Manila, 9, 64, 105, 153, 200, 202, 268,
209, 271, 275, 274, 277, 556, 557,
557, 569, 572, 402, 455, 465, 485, 585.

Manipa, 9, 541.

Manpran, 252.

Manta, 543.

Mantege (Aroe), 601.

Mantoete, 6153.

Manumpi (St. Jago), 145.

Maparoeba, 397.

Mapulle Piquenine, 725.

Maraberes, zie: Moecaraberes.

Marchier (CG. B), 400, 486, 508, 524 5 26,
558, 564, 572, 576, 577, 590, 591,
600, 601, 619, 620, 637, 659, 650,
657, 662, 665, 666, 676, 677, 705,
706, 710, 725, 724, 750, 751.

Mardijkers, 15, 18, 25, 54, 47, 52, 71,
74, 87, 95, 98, 105, 109, 110, 125,
135, 155, 155, 156, 169, 170, 197,
220, 257, 262, 265, 290, 300, 337,
3567, 569, 571, 581, 582, 414, 415,
447, 448, 470, 481, 488, BOO, 502,
bil, 512, 520, 522, 557, 617, 626,
649, 653, 658, 686, 694, 702, 715,
7147, 748, 759, 760, 765, 766, 768.

Maria, 766.

Maria (Prinses), 285.

Marinusse, (M.), 705.

Mariou, 671.

Mariouw (IL), 415.

Mariouw (Dang), 659.

Maroangin (Aroe), 601, 620.

Maroenda, 527, b4l, 675, 722, 756, 761.

Maros (kapitein), 671.

Marta Dipa, 182.

Marta Djaja, 418, 674, 622, 625, 687,
688,

Digitized by Google

REGISTER VAN PERSONEN- EN PLAATS-NAMEN.

Marta Godeek, 551.

Marta Joeda, 518, 519.

Martalaja (Aria), 19, 58, 206, 418, 621,
623, 656, 687.

Marta Manggala, 602.

Marta Naja, 478.

Martapoera, 19, 358, 184, 724.

Marta Praja, 119, 164, 189, 196, 284,
514, 568, 418, 419, 527, 5535, 549,
560, 587.

Marta Prana, 419, 444.

Martasana, 311, 313, 525, 595.

Marta Soera, 621, 636.

Marta Wangsa, 36, 100, 112, 114,
151, 164, 165, 171, 172, 196,
519, 522, 550, 351, 356, 565,
459, 476, 532, 552, 733.

Martantaka, 695, 758, 740.

Martin (l. de Saint), 34, 358, 39, 112,
152, 153, 161, 173, 205, 212214,
286, 289, 301, 510, 313, 522, 524526,
540, 541, 53535-358, 362, 376578,
582, 594, 3595, 598, 400, 416, 525,
564, 664, 678, 708, 710.

Martinge, 254.

Mascarenhas (Don), 294.

Maspa Oussangh, 207.

Masulipatnam, 20, 150, 350, 359, 560,
584, 579, 589, 605, 607, 685, 6860.

Matara (Dang), 215, 355, 653, 655.

Mataram, 2, 4, 6, 50, 59, 56, 69, 949,
98, 99, 101, 117, 120, 127, 154, 158 -
160, 176, 180, 201, 307, 3113515,
325, 3541, 546, 552, 359, 3563, 374,
595 597, 404, 417, 427, 428, 442,
448, 461, 462, 487, 494, 508, 528,
529, 544, 559, 572, 585, 586, 609,
649, 658, 659, 661, 663, 685, 738,
745, 749, 751.

Matarammers, 110, 111.

Mattheus (bisschop), 251 253.

Matthys (D.), 521.

Matthys van Mallabaer, 84.

150,
518,
515,

Original from
NEW YORK PUBLIC LIBRARY

