790                REGISTER VAN PERSONEN- EN PLAATS-NAMEN.

Duizend Eilanden, 97, 98.

Dunlopes (W.), 286, 289, 298.

Dupree (D.), 766.

Duryn (J.), 589.

Dusseldorp (P.), 298, 299, 6153.

Duyn (CG. van der), 11, 17, 314.

Dwars in de Weg, 523.

Dyck (J. van), 21, 28, 29, 32, 33, 55, 57,
59, 41, 4545, 57, 58, 6063, 69,
70, 73, 76, 85, 84, 87, 90, 92, 94,

96- 99, 101, 102, 105, 106, 109, 110,
115, 119, 120, 125, 126128, 154.
155, 157, 145, 147 -149, 155155,
162, 175, 176, 181, 228, 500, 566,
512, 575, 3575, 401, 405, 407 409,
422, 426428, 457, 458462, 475,
414, 482, 485, 495, 494, 497499,
501, 502, 505, 507, 5IO, 527, 529,
558, 555, 565, 627, 714.

Dyckman (H.), 12.

Ei.

Eeckhoff (H.), 514.

Eeden (H. van den), 26, 71, 87, 88, 95,
94, 105, 109, 110, 117, 133, 155, 156,
155, 156, 165, 186, 192, 195, 202,
219, 230, 256-258, 266, 508, 309,
520, 404, 419, 420, 428, 429, 445,
452, 456, 458, 460, 472, 475, 480,
495, 496, 499, 5OO, 503, 505, 517,
524, 531, 546, 55Ob52, 558, 575,
602, 628, 644, 646648, 652, 667,
672, 680, 682, 686, 688, 689, 692
694, 718, 723, 756.

Eeuwyck (T. van), 10, 25, 26, 57, 9,
60, 62, 65, 71, 74, 87, 93, 94, 98,
105, 109, 116, 117, 155, 155, 156,
186, 195, 205, 219, 519, 545, 682, 706.

Egbertsen (H.), 488, 516, 545, 576, 603,

604, 715.

Egosie Ragia, 54, 149, 458, 642.

Elmers (P.), 68, 285.

Engeland, 5, 33, 45, 271, 508, 362, 369,
571, 5913595, 402, 405, 406, 407,
491, 422, 425, 456, 443, 454, 492,
529, 550, 690, 697.

Engelsch Onrust, 224.

Engelschen, 2, 4, 5, 21, 23, 24, 29, 33,

5b, 37, 40, 42, 43, 45, 55, 58 - 60,
64, 70, 75, 7b, 88, 98, 128, 153, 157,
141, 147, 148, 154, 162, 163, 165,
183185, 189, 190, 194, 195, 197
199, 215, 221, 225, 224, 240, 242,
245, 273, 279, 280, 285, 295, 504 -
308, 316, 326, 327, 529, 542, 3bb
357, 562, 5635, 3568, 369, 571, 591,
592, 402, 405, 406, 407, 421, 422,
425, 426, 455, 456, 458, 442, 445.
454, 455, 460, 462, 479, 485, 5IU,
513, b1i9, 529, 550, 580, 585, 586,
587, 607, 631, 632, 641, 645, 645,
647, 675, 680, 684, 685, 690, 696,
697, 712, 715, 718720, 741, 747,
754, 764, 765.

Engelsen (M.), 765.

Enkhuizen, 14, 35, 65, 67, 578,
127, 737.

Enoch sie: Poolvoct.

Erbervelt (P.), 514.

Es (D. van), 298, 299, 615.

Europa, 307, 394, 454, 629, 720.

Europeanen, 141, 658, 659, 661, 665,
698, 747 750.

Evas, 277.

kans

tw

TFT
hd

E'.

Faa (A), 4, 54, 89, 566, 450, 727, 728,
742.

Digitized by Google

Fariet (Sech), 656.
Fentzell (H.), 225.

Original from
NEW YORK PUBLIC LIBRARY

