REGISTER vAN PERSONEN- EN PLAATS-NAMEN.

326, 3530, 352, 334556, 410, 421,
424, 443, 468471, 484, 490, 556,
557, 579, 595, 596, 605, 6359, 682,
725, 726, 757, 742.

Japanners, 197.
Japara, 18, 19, 54, 55, 5759, 44, 45,

48, 50, 63, 72, 76, 78, 80, 85, 90,
91, 96, 97, 99, 104, 107109, 112,
115118, 120, 121, 128, 147, 151
155, 157, 160, 161, 164, 167, 168,
175175, 205, 206, 212215, 259,
282, 285, 285, 289, 301, 506, 507,
309313, 322325, 5353, 555, 540
342, 550, 5535, 5585602, 575, 576
578, 581, 584, 585, 595, 597400,
404, 406, 409, 410, 415, 416, 422, 425,
457, 447449, 456, 465, 466, 468,
481, 482, 485, 486, 488, 490, 494,
502, 507509, 519, 524527, 555,
556, 559, 548, 558, 560, 561, 564,
565, 568572, 576, 577, 589591,
595, 600, 614, 616, 619621, 629,
630, 63535- 6357, 659, 649, 650, 658,
662, 665, 666, 676, 677, 687, 697,
698, 700, 705710, 712, 722725,
746, 750, 751, 762, 764.

Japon (Jan), 210.
Jasien, 766.

Java en Javanen, passim.
dedo, 42.

795

Jerenika (Krang). 450.

Jeroense (H.), 264.

Joan, 65.

Joden, 237.

Joeckja (Pangeran), 645, 675.

Joeda Waana, 3520.

Joeda Wangsa, 518.

Joenka, 571.

Joesoef (Sheik), 674.

Johannes, zie: Brakel.

Jonasen (E.), 326, 449, 572, 620, 649,
650, 724.

Jonckia, sie: Joeckja.

Jonckol, 100.

Jongelingh (A), 11, 17, 514.

Jongh (T.), 124.

Jongh (GC. de), 11.

Jongh (D. T. de), 21, 27, 150, 564, 566,
450, 727, 728, 742, 745.

Jongh (J. de), 165, 164.

Jongh (P. de), 721.

Jonker (kapitein, ook: Jonker Manipa), 9,

604, 608, 612, 652, 646, 667,

680, 682, 686, 689, 692694,
716, 756, 757.

Jontie, 314.

Jotsoeco, 759.

Joubert (D.), 457.

Judo (Entji), 456.

Juriaense (P.), 521.

KK.

Kaap de (Goede Hoop, 6467, 124, 155,

135, 200, 201, 204, 278, 284, 291 -294,
406,
446, 449, 457, 490493,
655, 682, 716, 726, 727,

559,
420,

540,

455,
629, 654,
152, 755, 740, 741, 757, 766, 767.

Kabanger, 680.

Kabelange (Aroe), 688, 695.

Kabousia, 465.

Kabressy, 540.

553, 557, 571, 402,

Digitized by Google

Kademangan, 478.

Kadir (Entji), 450.

Kadjoran, 19, 63, 117, 159, 214, 577,
395, 396, 417, 525, 665, 678, 707, 749.

Kadoewan, 560, 658.

Kago (luitenant, later kapitein), 119, 567,

659.
Kago (Raden), 620.
Kajeek, 402.
Kajeli, 411, 413, 554, 556, 615, 616,

Original from

NEW YORK PUBLIC LIBRARY
