REGISTER VAN PERSONEN-

Mahameda Biga 275.

Majoeda, 145, 542, 562.

Makanrika, 3506.

Makassar, 13, 16, 38, 44 46, 49, 50, 72,
74, 76, 78, 79, 123, 142, 207, Ui
213, 3513, 516, 525, 335, 355, 546,
547, 558, 3565, 576, 3580, 588, 589,
397, 410, 429 -451, 449, 466, 468,
4771, 481, 506, 555, 5359, 540, 545,
568, 576, 585, 600, 601, 605, 604,
615, 616, 620, 622, 640, 649, 662,
668, 671, 688, 699, 701, 765, 764,
166, 767.

Makassaren, 19, 39, 44, 45, 87, 97, 100,
126, 141, 155, 160, 182, 185, 226,
282, 296, 505, 510, 5153, 531, 543,
351, 5535, 555, 556, 368, 375, 576,
319 581, 596, 597, 401, 405, 415,
417, 423, 450, 442, 447, 479. 485,
486, 488, 495, 495, 498, 499, 506,
519, 525, 527, 550, 558, 560, 566,
567, 577, 581, 585, 585, 611, 619
625, 625, 629, 6535, 635-657, 641,
647 650, 655, 656, 658, 665, 666,
674, 675, 687689, 696, 707, 719,
7320, 725, 724, 757, 748751, 755, 758.

Malabar, 54, 84, 124, 250, 2351, 257, 240,
242347, 249, 256, 265, 564, 499,
503, 504, 579, 596, GO5, 628, 766.

Malabaren, 252, 555.

Malakka, 5, 9, 20 a 55, 94, 40, 45,
h6, 49, 66, 102, 122, 153, 154, 168,
180, 185, 202, 261, 269, 272, 275,
275, 317, 534, 356, 344, 348, 559,
564, 570, 376, 421, 425, 425427,
454, 455, 442, 466, 482, 485, 555,
536, 546, 568, 576, 577, 579, 591,
593, 595597, 605, 605, 606, 614,
616, 622, 628, 645, 644, 648, 695,
697, 699, 721, 728.

Malali, 402.

Malan Karza (Ngabehi), 417.

Malda, 656.

Digitized by Google

EN PLAATS-NAMEN                 799
Maleiers,

97,  5
165 167,
204, 220,
531, 3557,
570 - 372,
401, 405,
456458,
499, 555,
561, 565,
585, 597,

47, 52, 57, 70, 74, 84,

"as, 154, 155, 160, 161,
169, 171173, 182, 187,
265, 281, 306, 314, 317,
540, 547, 554, 565, 567,
519, 581, 582, 584, 586,
409, 414, 421, 426, 427
445, 450, 472, 486, 468,
557, 559, 545, 545, 552,
566, 575, 576, 579, 581,
598, 617, 620, 624, 659,
653, 658, 661, 665, 668, 697, 702,
715, 719, 721, 727, 7535755b, 737,
748, 749, 752, 761, 765, 768.

Malewa (Dang), 666, 677.

Maleye, 140142.

Malike (Dang), 675.

Maly (Aroe), 620.

Mamaroet, 619, 621, 622, 6356, 650, 687,
688, 723, 724, 758.

Mambal (Ketoet), 544.

Mamet Coulybeeck, 55.

Maimet Sofi, 9, 182, 356.

Mametchia, 166.

Mamoe (Dang), 639.

Mamoe (Krang), 209.

Man (A. de), 769.

Manckiealie (Dang), 555.

Mandaraka, 399, 625, 659, 567, 572,
665, 687.

Mandarshah, 562.

Mandoera (Toemenggoeng), 724.

Manga, 756.

Manggala (Dang), 213, 310, 554, 576,
565, 639, 662, 663, 679.

Manggaraay, 77.

Mangarsey, 245.

Mangaty, 248.

Manggis, 544, 675, 644,

Manghabey (Kare), 555.

Mangika (Dang), 97.

Mangkoeboemi (Pangeran), 440, 441, 508,
559, 599.

Original from
NEW YORK PUBLIC LIBRARY
