REGISTER VAN PERSONEN-

Loeang Soerasina, 187, 188.

Loebon, 52, 53.

Loehoe, 154, 155.

Loenius (N.), 422, 424, 428, 429, 470,

516. 517, 524.
Lokomsant, 95, 447.
Lol, 217
Lombok, 28, 47, 68, 11
Lonthoir, 156, 501.
Lor (nachoda), 210.

e (Pangeran), 252.
Lot (S.), 477.
Lotfulabeek, 395, 596.
Lotioe, 466.

2, 414, HS.
1

EN PLAATS-NAMEN.

we ee
aba
cl

Lotjau, 465.

Louys (C.), 154.

Lubon, 72, 87,89, 456, 457, 459 466.

Lucassen (A.), 116.

Lucon, 181, 199.

Luton (D.). 58, 59, 65, 67, 7072,
80, 87, 88, 108, 112,

19,
114, 157, 169,

184, 204, 208, 221, 255, 248, 250,
251, 256, 259, 261, 265, 275, 275
285, 287, 288, 296, 506, 547, 566,

575, 417, 469, 482, 524526.

Luxemburg, 505.

Lyn (G. van der), 159.
Lypach, 428, 519.

MM.

Maarssen, 507.

Macao, 358, 52, b5, 62, 64, 159. ot.
172, 185, 189, 196, 204, 244, 255,
266, 276, 565, 455, 406, 46:15 -467.

Madagaskar, 5, 54, 96, 146, 158, 191,
211, 212, 255, 506 -508, 510, 556.
451, 454.

Madampe (rivier), 120.

Madoera, 40, 126, 221, 291, 548, 400.

n    (Naik van), 520.
Madrepake., 524.
Madrespatnam, 41,
Maes (P.), 91, 560.
Maetsuyker (J.), 21 24, 58, 61, 122, 159.

1655 167, 176, 177, 187, 188,
195, 226,       528,  529,

45. 129, 526, 410.

Maginado, 149, 159.
Mahomed. Chan, 446.
    Sadok, 415.

Maikor, 302, 505.

Makasar, 8, 9, 18, 19, 25, 24, 27, 50 -5n,
5558, 40, 42, 46, 59, 67, 70, 79, 87,
89, 109, 152-154, 1538, 159, 15,
147, 165, 164, 170, 171, 175, 176, ,

Digitized by Google

190, 204, 207, 210, 217,221, 224226,
256, 258, 244, 245, 251, 258, 262,
264267, 275, 276, 277, 279, 280,
282, 289, 292, 295 -298, 502, 505,
soll, 515, 5351, 555, 555, 546, 547,
520, 557, 565, 565, 575, 580, 584,
585, 400, 410, 415, 455, 454456,
527.

Makasaren, 147, 225, 224, 266, 267, 297,
504, 3554.
Maktan, 159, 163.

Malabar, 10, 96, 99, 117, 118, 121, 178,
212, 252, 258, 264, 266, 272, 287,
511, 527, 440.

Malabaren, 216.

Malaka, 17, 21, 25, 26, 28, 42, 46, 56,

59, 62, 71, 75-77, 92, 101,
102, 114116, 121, 125, 125,
157, 167, 200, 210, 221225,
258, 259, 242, 245, 256, 260,
261, 273. 274, 285, 288, 290,
295 298, 515- -515, 521, 529,
556. 545, 546, 559--5602, 567,
516-585, 502, 400, 449, 475,
519, 520.

 (nachoda), 1

Original from

NEW YORK PUBLIC LIBRARY
