REGISTER VAN PERSONEN- EN PLAATS-NAMEN.

Soerabaia (pangeran), 247.

Soerate, 33, 54, 71, 73, 79, 114, 116
118, 120, 125, 136, 1357, 159, 141,
166, 168, 176, 177, 188, 199, 206,
2163218, 221, 223, 254237, 250,
253, 275, 276, 291295, 304, 517,
3541, 342, 365.

Soesoehoenan, 4, 5, 97, 100, 101, 104,
105, 115, 116, 121, 152, 155, 150,
154, 164, 224, 241, 242, 247, 520,
324, 3525.

Soeta Wangsa (kiai), 227, 228.

Solor, 5437, 297, 3514, 515.

Soolmans (l.), 10, 140, 152, 177, 225.

Soury (J.), 148.

Spanje, 79.

Specx (J.), 180.

Speelman (C.), 6, 4245, 49, 51, 139,
140, 147, 152, 199, 218, 225, 234,
237, 241, 265, 267, 285, 284, 505,
530, 331, 3355, 341, 3550, 568.

Splinter, 161.

Spyck (J. van der), 3135-215, 558.

Stockvis (J. H.), 166, 167.

S' Jago, 99, 116.

St Nicolaas-baai, 8, 167, 240, 3503, 345,
547, 550.

St Thome, 525, 327, 340.
Straat Banka, 128, 159, 178, 184,
192, 225, 265, 277, 279,
502, 309, 510, 315, 317,
550, 553, 341, 3547, 549,
3555, 566.
e Doerian, 278, 309, 310.
 Madura, 242.
,  Malaka, 108, 115, 275.
 Saboen, 13.
, Singapore, 262, 278, 295, 508
311, 348, 352.
 Soenda, 32, 38, 71, 77, 99, 121,
122, 155, 159, 174, 178, 184, 185,
187, 192, 503.
 Strantwyck (G. de Davidt), 10, 212, 225.

189,
2953,
535,
552,

Struys (A.), 70, 147, 152,

Sumatra's Westkust, 11, 53, 75, 77, 106,
117, 161, 162, 186, 189, 222, 505,
306, 331, 533, 554, 562.

Suurmondt (O.), 217.

Swart (G.), 330, 551.

(C.J), 344, 545, 347, 350, 561,
563, 567.
. (J.H), 547.
Sweeris (P.), 268.
Swenne (E. van), 187.

Lr.

Tack (F.), 186.

Tadoenang, 26, 60, 170, 250, 254, 297,
299, 5356, 571.

Tagal, 24, 26, 59, 60, 85, 109, 111, 141,
144, 170, 171, 209, 229, 251, 254,
256, 297, 298, 356, 537, 370, 372.

Tagoelanda, 44.

Taioean, 54, 55, 101, 117, 158, 151, 160,
167, 169, 309, 340, 350, 566, 3568.

Tamboeko, 42, 44.

Tamboelan, 111.

Tanara, 25, 58, 82, 109, 142, 170, 208.

Tandjoeng-laso, 49.

Digitized by Google

Tanette, 7.

Tangeran, 59, 82, 111, 255, 556, 570.

Tapoeki, 507.

Tegenepatnam, 98, 114.

Teloeboe, 267.

Tengsoei (kiai loerah), 6, 22, 25, 259,
245, 247, 248, 259, 289.

Terhorst (H.), 10, 148.

Ternatanen, 50.

Ternate, 2, 4, 11, 13, 38-44, 47 b1,
72, 92, 156, 159, 162, 164, 259, 264
268, 270, 290, 299.

Terville (H.), 10, 150.

Original from
NEW YORK PUBLIC LIBRARY
