REGISTER VAN PERSONEN- EN PLAATS-NAMEN.

Hurt (A.), 83, 174, 329, 346, 406, 437,
450.

 (M.), 26, 27, 47, 60, 73, 117, 194,

195, 227, 244, 250, 259, 273, 277,

Ima Raksa (kiai loerah), 6668, 84.

Indragiri, 252, 258, 350, 547, 3548,
427.

Indramajoe, 10, 11, 22, 40, 42, 61, 62,
78, 80, 104, 105, 124, 126, 143, 145,
161, 164, 186, 189, 210, 212, 255,

258, 252, 254, 267, 509, 511, 554,

Jacobs (B.), 418.
 (M), 469.

Jafnapatnam, 5, 56, 152, 308, 355, 554
512, 5313, 456.

Jakatra (koninkrijk), 76.
 (schans), 153, 25, 44, 64, 82, 107,
150, 147, 166, 191, 214, 259, 256,
269, 292, 312, 358, 3570, 594, 412,
429, 463, 486, 511.

Jansen (M.), 479.
 (W.), 347.

Japan, 1, 16, 17, 20, 53, 5558, 85,
88, 96, 106, 107, 115, 116, 207 209,
219, 250, 253, 260, 266, 282, 294,
500, 3153, 531, 548, 551, 555, 556,
512, 374, 3578, 579,
490, 499.

Japaneezen, 287, 317, 346.

Japara, 11, 18, 19, 22, 29531, 42, 49
51, 65, 6568, 77, 78, 80, 8585, 98,
99, 103, 114, 115, 118, 119, 122, 125,
125, 134, 140, 141, 144, 145, 152,

155, 158, 160, 161, 165, 175-175,

177, 179, 181, 186, 194, 201, 210,
2135, 218, 220, 226, 255, 258, 248
250,

Digitized by Google

408, 417, 489,

262, 263, 265, 284, 286, 287,

519

279, 517, 326, 3550, 574, 404 -406,
418, 441, 500.

Huys (P. G.), 181.

Huysman (A), 90, 342.

I-

5355, 547, 566, 568, 589, 592, 408,
410, 425, 427, 458, 461, 482, 485,
508, bug.

Indrapoera, 69, 158, 205,
296, 598, 400, 401, 455.

Isbrantse (H.), 3548.

Ispahan, 464, 467.

247, 295,

J-

290, 294299, 508, 515, 314, 516
518, 526, 3527, 529, 553, 534, 359,
544547, 550, 554, 365, 564, 566,
367, 577, 587, 588, 591, 395, 405,
406, 409, 411, 416420, 425,
427, 452, 455, 457, 458, 450452,
458, 468, 476, 477, 480, 484, 506,
50g.

Javaansch-kwartier te Batavia, 156.

Javanen, 15, 18, 19, 23, 28, 60, 82,
92, 98, 108, 118, 122, 123, 137,
141, 147, 152, 155, 156, 159, 166,
177179, 185, 184, 191, 193, 214,
227, 259, 256, 277, 292, 294, 312,
518, 3558, 547, 552, 370, 387, 594,
412, 420,     429, 465, 465, 466,
469, 479, 486, 487, 497, BOI,
511.

Jonekers-gracht te Batavia, 158.

Jongelingh (A), 116.

Jongh (M. de), 25, 27, 50,
12, 97, 125, 140, 167, 517, 525,
526, 340, 550, 559, 561, 574, 417,
450.

Jonker (kapitein), 1351, 154, 585.

Original from
NEW YORK PUBLIC LIBRARY
