524                REGISTER VAN PERSONEN- EN PLAATS-NAMEN.

Ockerse (O.), 24, 51, 55, 65, 227, 280
295, 298, 419, 438, 473, 475.

Oedjoeng-pandan, 321 - 523. 326, 359, 363
 sSalang, 67, 68, 84.

Oedoeg, 104.

Oelakan, 70.

Ohrsen (J. d’), 156, 157.

Onrust, 271, 450- 459.
 (Engelsch), 405.

OO.

,  Ontong-Djawa, 187, 211, 258, 458.

 Oppynen (J. van), 18, 177, 321, 491.
. Osmedos de Suras (baai), 220, 231.
Outhoorn (W. van), 24, 244, 365, 380,
475.
Overbeke (A. van), 492, 495, 497.
 Overtwater (J.), 365.
.     (P. A), 9, 17, 31, 119, 150,
175, 260, 262, 354, 441, 450, 473.

PP.

Padang, 10, 20, 42, 6971, 202204, 235, 344, 250, 252, 254, 259, 265,
247, 252, 266, 288, 309, 554, 355, . 272, 217279, 288, 290, 309, 311,

598, 599, 410.

 317, 526, 528, 330, 334, 5355, 356,

Padjang-koenang, 1565, 277, 284, 287, 365, 568, 374, 379, 392, 404406,

297, 346, 377.
Padjarakan, 144, 409, 481.
Pahang, 235, 288, 335.

409, 411, 418, 421, 425, 427, 459,
641, 459461, 466, 468, 482, 485,
496, 500, 505, 508, bog.

Paliakate, 33, 37, 55, 93, 117, 123, 158,  Palembangers, 449, 465, 496, 497.
159, 157, 175177, 195, 197, 242,  Pampangers, 131.
265, 282, 3043507, 353, 423, 424,  Panaroekan, 507.

455, 475.

Panpenaar, 305.

Pamalang, 12, 20, 40, 42, 62, 78, 103,  Pantjana, 558, 359, 454.
105, 124, 126, 146, 162, 163, 187,  Paranauw (F.), 131, 383.
189, 211, 213, 235, 238, 252, 254,  Pariture, 195, 196.

509, 3534, 535, 565, 568, 392, 45,  Parijs, 183.

459, 461, 480, 483, 508, 510.

Pasaman, 204, 399.

Pamanoekan, 12, 42, 60, 62, 78, 80, 104, Pasir, 12, 22, 164, 188, 213, 238, 416.

105, 124, 144, 14b, 161, 164, 186,

187, 210, 213, 236, 238, 252, 254,
267, 290, 309, 310, 534, 535, 366,
568, 390, 592, 409, 410, 425, 427,
458, 461, 480, 481, 483, 507.
Palaka (radja), 24, 25, 123, 167, 168,
181, 185, 196, 323, 326, 327, 359,
452, 454.
Palembang, 10, 12, 26, 27, 31, 32, 40,
47, 6062, 73, 76, 79, 105, 117, 118,
121123, 126, 126, 145, 164, 184,
187, 188, 194, 211, 212, 227, 251,

Digitized by Google

Pasirakan, 1453.

Pasir-ikan, 163.

Pasoeroean, 104, 127, 187, 211, 238, 367.

Patani, 10, 367, 480, 508.

Patikoe (radja), 25.

Patoe-dioe (radja), 24, 25.

Patoepangan, 204.

Pau, 69, 138.

Pauw (P.), 42, 81, 107, 128, 190, 200,
207, 225, 226, 337, 462, 485, 499, 502.

Pavillioen (A.), 34, 37, 55, 93, 123, 159,
176, 197, 264, 505, 306, 508, 539,

Original from
NEW YORK PUBLIC LIBRARY

man oee bemeten

-     en    A me Ee en en

DA   nt   mee ener   -
.

d
