REGISTER VAN PERSONEN- EN PLAATS-NAMEN.                 525

373, 455, 456, 467, 478, 479, 495,   595, 417, 420, 422, 459, 455, 465,

496, 503.                  476, 505, BOA.
Pays (C.), 154.                   ' Poeloe, 125.
 (M.), 272, 520.    hali, 132, 134.
Pearl, 33.                          -doea, 35.
Pedel (W.), 245.                         -laut, 547.
Peirak, 67, 68, 84.                   -pandjang, 152, 134, 151, 152, 496.

Pekalongan, 10, 11, 22, 60, 76, 78, 99,  -rhoen, 5.
104, 105, 124, 145, 164, 186, 189,  -siantan, 12.
210, 212, 255, 252, 254, 266, 288,     stimaon, 181, 219, 408.
508, 511, 333, 355, 366, 368, 390,    tjinko, 145, 203, 335, 598, 401.
392, 409, 410, 425, 459, 460, 481,  Poerbaia (pangeran), 114, 346.

483, 507, 509.                    Poes (J. A.), 533.
Peking, 280.                       Point de Gale, 111, 151, 3529, 371,
Pelletier, 416.                         4779.
Pemboeang, 238.                    Pontang, 27, 178, 184, 200, 232, 242,
Peper-baai, 169.                 273, 293, 3135, 333, 355, 582, 589,
Pereira (C.), 378, 383.                402, 404, 469, 470, 472, 475, 481,
 (M.), 189.                   487, 490, 496.

Perzie, 29, 99, 112, 115, 119, 120, 159,  Ponto-premera, 95.

1l, 142, 148, 150, 177, 192, 195, Poolman (C.), 421, 450, 502.

278, 318, 519, 340, 346, 389, 596, 1 Portier (C.), 116, 340, 564.

41541b, 445, 455, 456, 464, 467, Portugal, 280.

4735, 474, 485, 495.           Portugezen, 102, 276, 281, 295, 299,
Pieters (B), 149.                     526, 547, 451, 465467, 494.
Pietersze (C.), 272, 418.              Postillon-eilanden, 181.

eee

Pieterszen (J.), 131, 550, 385.         Priaman, 68, 72, 204, 272, 300, 516,
Pilavoine (V.), 35, 48, 69, 110.           517, 599.

Pipeli, 488.                        Prinsen-eiland, 352, 584.

Pit (L.), 25, 90, 542, 441.             Punto das Pedras, 132, 307, 372.

Pits (J.), 2, 15, 45, 69, 119, 158, 157, Putmans (J.), 499.
158, 202, 247, 278, 295, 341, 550, Pyl (C.), 119.

)..
Quaelbergen (C. van), 8, 75, 350, 466.  Quinam, 81, 508, 355, 352, 368, 383.
Ra.
Ranst (C.), 2, 5, 15, 36, 102, 121, 122,  Reghter (C.), 496.
180, 221, 257, 3514, 3544, 584, 402, ' Rembang. 22, 35, 42, 5O, 51, 61, 77,

457, 467, 488.                     79, 85, 100, 1053, 105, 114, 122, 125,
Reenen (van), 184.                126, 134, 141, 144, 146, 148, 155,

En                                             Original from
Digitized by Google                          NEW YORK PUBLIC LIBRARY
