REGISTER VAN PERSONEN- EN PLAATS-NAMEN.                 527

Sidajoe, 12, 22, 40, 61, 63, 79, 81, 105

105, 124,

126, 145, 162, 189, 215,

258, 409, 427, 480, 481, 485, 5OS,

509.
Sidokari, 42,

105, 124, 144, 145, 255,

481, 482, 484.
Si-kwa, 30, 90.
Silebar, 92, 1153, 201.
Silljaert (R.), 467.
Silva (J. de), 51.

Simons (M.), 131, 578.

 (P), 378.

., (S),

8, 47, 90, 96, 101, 117,

227, 244, 272, 287, 317.
Singa Marta (pangeran), 5.

Singanap, 61,

591.

186, 210, 509, 354, 356,

Singa Perbangsa, 154.

Singaradja, 79, 146, 592.

Singa Wangsa (raden ngabchi), 76.
Sinkobaia, 590.

Sintok, 70.

Sipaman (J.), 168.
Siquero (J.), 578.

Siwasi, 318.

Six (D.), 1, 415, 441.

Sjiraz, 464.
Sloot, 421.

Smient (D. J.), 57.
Smit (M.), 90, 119, 542, 545.

Snouck (C.), 76, 99, 106, 120, 129, 262,

565, 584, 407, 423, 490, 492.

Socceda, 105.

Soekadana, 22, 33, 50, 126, 150,
162, 300, 316, 465, 469.

Soela, 557, 4553.

Soelfoerlisjah, 170.

Soembar, 12, 22, 40, 42, 61, 63, 80, 105,

105, 124,
212, 235,
555, 565,
425, 427,
509.

Land

en

Le
:

126, 145, 164, 187, 211,
258, 252, 254, 509, 554,
568, 590, 592, 408, 410,
459, 460, 480, 484, 506,

Digitized by Google

Soembawa, 162, 188, 238.

Soemenep, 42, 79, 81, 104, 125, 267,
290, 366, 409, 411, 427, 458, 484,
508.

Soemoer, 308.

Soerabaia, 12, 42, 60, 61, 78, 103, 124,
126, 144, 145, 161, 165, 186, 189,
211, 218, 255, 2358, 254, 267, 290,
354, 555. 747, 365, 568, 590, 592,
409, 410, 458, 460, 481, 485, 484,
506, 509.

Soerate, 6, 11, 16, 29, 34, 36, 47, 55,
60, 101, 110, 111, 116, 129, 139,
141 -145, 148, 151, 176, 177, 185,
192, 195. 195, 201, 216, 251, 259,
262, 264, 508, 518, 519, 549, 557,
564, 571, 583, 586, 595, 402 -404,
415-416, 418, 451, 452, 455, 437,
459, 441-443, 449, 465, 495.

Soeria di Laga (kiai adipati), 496.
 Negara (kiai demang), 444, 448,
487.

Soesoehoenan, 18, 19, 29, 50, 50, 66-
68, 77, 84, 85, 98, 114, 119, 122,
154, 155155b, 158, 167, 174, 201,
218, 226, 285, 500, 306, 514316,
559, 587, 454, 468, 476, 477, 489,
490.

Solo, 520, 325.

Solor, 12, 146, 391, 466.

Sontar (rivier), 227.

Soolmans (L), 16, 244, 550, 401, 405.

Sopeng (radja), 25.

Soury (J.), 8, 342.

Spanjaarden, 271, 272.

Specx (J.), 175, 578.

Speelenburgh (tuin), 458.

Speelman (GC), 18, 20, 169, 172, 196,

285, 520, 521, 555, 558, 559, 565,
564, 574, 576, 458, 441, 450, 454,
495.

Splinter (J.), 399, 400.
St Helena. 421, 455.

Original from
NEW YORK PUBLIC LIBRARY
