656

Terland, 551.

Ilaoe (Dang), 655.

Indianen. 77, 235.
Indihiang, 447.
Indragiri, 140, 155, 161, 162, 175, 178,
185, 205, 228, 229, 241, 556, 569
512, 576, 3578, 585, 473.
Indramajoe, 9, 16, 51, 59, 41, 66, 67,
7274, 92, 105, 104, 106, 109, 111,

115,
142,
177,
250,

287,

119,
145,
196,
251, 246,
288,
556 559,
3597, 598,
4351, 459,

120,
154,

REGISTER VAN PERSONEN- EN PLAATSNAMEN.

150, 151, 135, 159,
155, 164, 175175,
917219, 222, 224,
261, 267, 280, 282,
512, 327, 528, 5

515, 576-582, 588.
616420, 429, 4

640, 442 -hhA,

IL.

487, 489,
5

      ad dlg

549551,

455, 459, 467, 468, 470, 476, 485

500, 507, 508, 515, 517,

525525, 527529, 556, bl,

559561, 582, 584, 595,

599, 605, 606, 655658, 640.

’ Inesh (J.), 6065.
Ingen (M. van), 152,

579.
Ingis, 549.

Ingrana, sie:

Inias, 458.

158, 514, 526,

Djanggrana.

Intche Bagus, zie: Abdoel Bagoes.
Intche Karrangh, zie: Tjikarang.
Intche Pragy, zie: Tjiprage.
Intchiassem, zie: Tjiasem.
Intenagara (Rangga), 575.

tam (Entji),

J

(Zie ook Dj).

Jacatra, 5, 11, 90, 129, 162, 181, 182,
220, 228, 241, 246, 511, 524, 636, 575.
Jacob van Badega, 458.
Jacobsen (J.), 64.
Jacobsz (P.), 355, 458.
Jacobsz (S.), 526.
Jacobsze (J.), 565.
Jacoby, 590.
Jadaarpa, 578.

Jady, 549.
Jafnapatnam, 158, 206, 554, 576.
Jamaica, 25.    ij

Jangalaga, zie: Djanggala.
Jankewo, 272.
Janko, 597.
Jansen (J.), 286.
Jansze (II), 599.
Jansze (J.), 654.

Japan, 54, 58, 456 -49, 51, 52, 60, 79,

Digitized by Google

226, 248,
545, 347,
  552, 556.

156, 252, 266, 294.

80, 101, 102, 121, 127, 140, 144,
145, 152, 155, 159, 208, 210, 222

265, 275, 279, 280, 545,
548, 589, 590, 472, 531,

Japara, 31, 40, 41, 64, 66, 79, 9597,

100, 104,

128, 155157,

172, 175,
198202,
274, 281,
512514,
542,
598,
457,

552,

Original from
PENN STATE

109115, 119, 120, 125,
154, 156, 162166,
191, 192, 194196,
225, 2312354, 237,
288, 292-294, 999,
518, 525, 527, 528, 550,
547, 585, 584, 385, 588,
421, 424426, 431433,
bh 446, 455 464, 475,
491, 494, 495, 497, 499,
513, 51b517, 519,
b45 547, 549, 561,

187,
222,
283,
