REGISTER VAN PERSONEN- EN PLAATS-NAMEN.

l

Harkmans (H.), 256.
Harkse, 455.                      1
Harmansen (B.), 145.               1
Harmonie, 145.
llartman (A), 256, 506, 611.

Hartogh (J. de), 514.

Hartsinck (W.), 2, 5, 18, 26. 27, 44. 45,
56, 76, 85, 86, 152, 192, 197, 208,
209, 219, 257, 258, 248, 250, 252,
255,     259, 262, 268270, 296.
526,      360, 595, 452, 465, 475,
504, 505, 522, 556, h57, 565, 577,
578, 6353, 642.

Hassanoedin (Sultan), 422.

Hassi (Kimelaha), 474.

Heden (J. van), 286, 500, 574.

Heerenstraat, 118, 210, 554, 579, 616,
618.

Helt (H.), 90, 181, 241, 57

Helwigh (J. O.), 475.

Hendricks (B.), 298.

Henegouwen, 276.

Hennin (J. de), 57

Hercules (J.), 452.

Heussen (D. van), 658.

Heussen (J. van), 547.

Heynen (B.), 22.

Heynen (J.), 286

Heysselbergh (J. J.), 507.

Hindostan, 499.

Hinlopen (.), 7

Hinlopen (B.), 22, 26, 202, 582.

Hitoe, 402, 474.

Hoay, 475.

Hoegli, 91, 205, 207, 569.

Hokkien, 626, 627.

Hoksieuw, 28, 89, 125, 267, 296, 526,
529552, K5b, 575, 580, 599, 615,
616, 619, 622, 524, 625, 628-652.

Holland, 55, 71, 120, 249, 251, 295,
361, 461, 574, 592, 615.

Hollanders, 25, 41, 42, 104, 105, 108,
118, 155, 146, 150, 151, 180, 189,

7, 486.

Digitized by Google

655

214,
555,
586,
462,
494,
610,
652.

Holsteyn (J. F.), 50, 176, 200, 273, 529,
421, 541, 546, 547, 558, 579, 601,
602, 616, 621, 622.

251, 255, 271, 287, 518, 525,
5l, 564, 570572, 582, 584,
590, 591, 405, 420, 451, 460
469, 478, 479. 482, 485, 485,
508, 521, 524, 557, 600, 609,
617, 619, 621, 625-627, 629

 Honimoa, 402.
. Hoorn (stad), 52, 58, 354, 451, 554, 566,

567, 587.

Hoorn (CG. van), 558.

Hoorn (G. van), 558.

Hoorn (J. van), 69, 87, 88, 90, 103, 154,
141, 148, 161, 184, 2112153, 251,
257, 258, 276, 299, 502, 504, 511,
524, 554, 564, 441, 504, 564, 568,
577, 602605, 610, 614, 616, 625,
627, 650, 655.

 Hoorn de Jonge (P. van), 98, 594, 507.

Hoorn (P. van den), 57, 86, 90, 467, 602.

Hop (H.), 202.

Hopman (A), 614.

Hoppesteyn (G.), 166.

Hosten (A. van), 247.

Houtzagers-eiland, 145, 146.

Huquam, 57.

Hurdt (A), 8, 15, 2951, 6668, 85,
95, 97, 98, 100, 104, 108, 109, 111
115, 124, 125, 129, 152, 155, 138,
144, 148, 162, 165, 165, 167, 210,
220, 254, 247, 248, 267, 272, 505,
509, 310, 518, 5321525, 326, 538,
539, 551, 552, 564, 450, 467, 503, 526.

Hurdt, (M.), 17, 130, 206, 265, 268,
297, 500, 402, 442, 512, 589.

Huysman (M.), 60, 154, 206, 259, 277,
218, 400, 427, 472.

Huyssen (J.), 95.

Huysser (Z. de), 169.

Hyssala, 457,

Original from
PENN STATE
