664                REGISTER VAN PERSONEN- EN PLAATS-NAMEN.

Nederlanders, 1-3, 5, 7, 10, 1215, 56, Nieuw Spanje, 165.
   58, 42, 60, 69, 77, 80, 84, 86, 95, Nieuwendam (eiland), 1.

95, 97, 118, 122, 123, 159, 146, 156, Nieuwenrode (C. van), 419, 509, 579.
157, 162, 168, 170, 171, 174, 177, Nieuwpoort (te Batavia), 45, 505, 558,
178, 187, 195, 195, 205, 209, 215,    616, 618, 620, 622.
226, 243, WV, 252, 264, 266, 267, ' Nimalo (Dang), 555.
271, 273, 284, 287, 289, 290, 295,  Nio Boncko, 211, 212.
997, 304, 307, 312, 313, 315, 319,  Niti Nagara (Rangga), 578, 528, 529.
527, 529, 331, 5343536, 541, 548,  Niti Praja, 73, 144, 149, 275, 505, 508,
549, 3555, 559, 3579, 582, 587, 591,   310, 318, 319, 324, 451, 449, 450,
415, 417, 457, 438, 442, 456, 460,   598.
461, 468, 474, 476, 490, 492, 495.  Niti Watjana, 92, 106, 111.
494, 497, 499, 505, 512, 520, 528,  Niville (B. de), 507.
541, 545, 555, 564, 581, 594, 604, Nobel (C.), 60, 62.
609, 611, 616, 618, 620, 621, 625, Noesanivel (Kapitein), 166, 172.
656, 641, 645, 644.

Neer (S. van), 262, 455, 485, 52

Noirman, 43.
Noorderwachter, 140.

Negapatnam, 159, 299, 500, 357, 555. , Noort (van), 608.

401, 429, 472, 498, 554, 555, 576 Noorwegen, 160, 414.
Neira, 264, 454.                   Norden (H. van), 505, 4l.
Nelle Mapane, 554.                  Norklits, 564.

Ngandjoek, 97.                      Nouters (B.), 54, 57.
Nicola (A), 625.                   , Nymegen, 298, 555, 561.
Nicolaes (D.), 214, 286.              Nys (J.), 556.

Nieuw Guinea, 264.

Nys (W.), 271, 291.

OO.

Ockerse (O.), 1, 26, 51, 55, 59, 60, 69, Oei Phinko, 195, 255, 562.
76, 77, 87, 89, 91, 105, 107, 117, Oei Soeko, 294, 525.
118, 127, 1354, 144, 148, 161, 177, Oei Tayko, 654.
180, 188, 203, 204, 228, 229, 255, Oelakan, 501.
239, 243, 250, 251, 258, 261, 263 , Oeloe, 501.
265, 285, 298-500, 302, 504, 557,  Oeloegondeer, 178.
364, 586, 599, 405, 421, 455, 459,  Oerawan (Adipati), 158, 144, 149, 375.
442, 448, 465, 477, 502, 515, 515,  504506, 308, 374, 431.
549, 565, 578, 600, 601, 616, 619  Oesin, 421, 495, 546.

622, 625, 627, 628, 650, 632.        Oldenvliet (J.), 266, 276.
Oedjaarpalum, 554.                   Olie (W.), 610.
Oedjoeng Pandan, 245, 246, 510.        Oliviers (J.), 507.

Oedjoeng Tanah, 418, 450. Ommelanden van Batavia, 455.
Oedoegoedoeg, 7, 16, 27, 56, 85, 95, ' Ommeren (J. van), 55.
144, 265, 269, 476, 637, 558, 577, Onrust, 7, 88, 161, 179, 187, 451, 502,

581, 582, 658.                 505, 559, 568.

Digitized by Google                                          Original from

PENN STATE
