REGISTER VAN PERSONEN- EN PLAATS-NAMEN.

Ontong Java, 3, 11, 88, 181, 182, 185,

228, 415, 417, 455.
Opdam (A), 500.
Oranje (Prins van), 276.

Oranje (op Ternate), 55, 454456.

Osborn (J.), 514, 3574,
446, 474, 516.
Osseweyer, 64.

58u,

Padang, 17, 78, 119, 150, 155, 206,

225, 265,
546, 402, 456, 589.
Padangtikar, 40, 281, 282.

Padbrugge (R.). 355, 454457, 512.

Padjadjaran, 535.
Padjang, 662.
Padmangara, 172.

268, 282, 297, 500,

445

222,
501,

Pagaden, 7, 11, 15, 16-18, 25, 27, 44,

67, 75, 76, 92, 95,

111, 144,

175,

254, 3575, 576, 417, 450, 452, 459,
445, 447, 465, 464, 476, 480, 481,
507, 522, 527, 528, 536, 557, 558

Pagagadin, zie: Pagaden.
Page, 78.

Pahang, 404.

Pakoran, 497.

Palakka (Radja), 68, 7678, 85, 8700,

113115,
176, 178,
209, 210,
298 300,
329,
566,
419,
493,
545,

179,

551555,

547, 558, 596, 601.

287,

559,
587,

117, 128, 129, 152154,
195, 200202,
242, 272274,
502 504, 512517,
3535, 337,
572315, 584. 385,
621 424, 452, 446, 477, 491
495, 5UI, 514, 515, 521, bl

204,
291,
ol,
565,
505,

Palasan (Raden Ngabehi Djoewe), 511.
Palembang, 20, 52, 40, 59. 79, 84, 85,

107,
251,

127, 137,

252, 261, 265,

154, 179,
268,
286, 3500, 327, 355, 356,

180,
281,

565,

244,
285,
564,

Digitized by Google

400, 498, 559, 554, 558, 564.

Pamalang, 221, 224, 282, 546, 550, 551,
659, 640.

Pamanoekan, 16, 25, 27, 68, 7276,
86, 92, 95, 110, 115, 150, 151, 142,
154, 262, 264, 281, 511, 312, 528,
5735, 375, 597, 416, 459, 456, 507,
508, 659, 640.

Pamekasan, 509.

Pananggoengan, 495.

Panaraga, 97, 425.

' Panaragan, 295.

Panaragan (Krang). 98. 99, 128, 129,
3530, 425, 494, 514, 520, 522, 54l,
542, 544-546, 558, 601, 6C2, 656.

Paliakate, 159,

' Ougly, zie: Hoegli.
, Outhoorn (H.
Outhoorn (W.

148, 161,
539, 354, 599, 415, 440,
616, 618, 621, 622.

Overysel (bastion), 255.

540, 571,
558, 590.
4771, 472,

513, 574, 575, 579,

426, 427, 429,
4717479, 481,
596.

Panarajangh, 447.

Panarveban, 92, 110, 142.

Panata Joeda (Toemenggoeng),
451, 452, 447, 465, 476,
527, 528, 556, 557, 558,

665

van), 205, 208, 498, 558.
van), 358, 59, 76, 91, 124,
210, 248, 266, 267, 558,

505, 526,

516, 378, 579, 585, 586,

458, 459,
482, bO1,

205, 208, 299, 500, 555

296, 554,
508, 522
561, 566,

577, 578, 581, 582, 655, 657.

Pandang (Goesti), 271, 291.
. Panembong, 447.
’ Pangara, 656.
Pangiwa, 557.
Panglima Radja, 55, 150.
Pangoekirang, 168.
Original from
PENN STATE

