648                REGISTER VAN PERSONEN- EN PLAATS-NAMEN.

447, 465, 4715, 476, 508, 509, 515,
527, 556, 556, 558, bol, 566, b77,
578, 581, 582, 633, 657.

Besselman (J.), 100, 265.

Biana, 340, 494.

Biervelt (J. G.), 564.

Bilandere (F.), 402, 405, 589, 591, 595.

Bilang (Entji), 165, 201, 262.

Biliton, 85, 121, 122, 159, 155, 178,
222, 223, 225, 229, 3542.

Bima, 40, 41, 45, 46, bli, 78, 79, 96,
119, 128, 202, 244, 245, 279, 280,
285, 326, 550, 545, 557, 585, 5084,
425, 428, 429, 5O9, 510, 514, 520,
529, 550, 553, 555, b4l, bil, 558,
601, 603, 656, 658, 640.

Bimaneezen, 601, 602.

Bimera, 5655.

Bisei (Krang), 1, 9, 96, 99, 114, 128,
154, 178, 204, 240242, 555, 556,
3578, 477, 482, 485, 509, 526, 556,
565, 566, 601, 602, 655657.

Bitter (mm. J.), 419, 509, 579.

Bitter (de), 549.

Bitter (A. de), 558.

Bleek (J.), 147.

Blicklant, 540.

Blitar, 109.

Blom (A), 594.

Blom (D.), 527, 558, 559, 541, 551, 552,
554, 3599, 419, 450, 453, 467, 486,
603, 526, 589.

Blommert (J.), 159.

Boegi’s, 50, 58, 7678, 82, 88, 97, 98,
113, 115, 129, 154, 156, 159, 148,
163166, 168, 171, 175, 177179,
194, 195, 200, 201, 204, 210, 227,

eee eee ee an

229, 270, 274, 289, 290, 296, 298,
299, 502, 505, 507, 312, 515, 31b
517, 521, 525, 529, 331535, 557,
365, 367, 373, 574, 576, 585, 594,
420, 421, 425425, 452, 442, 446,

685, 49249

Digitized by Google

526, 542, 544 546, 558, 562, 585,
657.

Boegis (land), 226, 256.

Boekholt, 298.

Boelan (Entji), 510, 511.

Boelekan (Dang), 285.

Boelekomba (Aroe), 77, 502, 303, 516.

Boeleleng, 271.

Boeloeboeloe, 505.

Boerane (Dang), 128, 129, 655.

Boeri, 602.

Boeroe, 402, 447.

Boerschot (P.), 109, 177, 204.

Boeton, 354, 55, 41, 4358, 456, 465, 466,
415, 512, 547, 548, 550, 5b1, 595,
594.

Boeyer (F.), 146.

Bogaerdt (mr. .), 154, 155, 299, 3502,
419, 442, 447, 464, 525 527, 558,
565, 571, 605.

Bolek (D. van den), 76, 440, 667, 571.

Bollan (H. de), 594.

Bolswart (J.), 236.

Bombay, 25, 461, 610.

Bonay, zie: Bongaja.

Bone, 68, 89, 99, 115, 176, 502, 507.
508, 599, 475.

Bongaja, 515, 578, 422, 596.

Bongsoe Toepan, 570, 3571.

Bonsiqua 28, 625, 627, 650, 632, 655.

Bonstoe (P.), 203, 452.

Bontesonge (Krang), 89.

 Boompjeseiland, 446.

Boon (J.), 228.

Booy (H.), 9, 11, 12, 36, 68, 69, 178,
179, 240, 476, 572-574, 604, 605,
611.

Borgers (A), 451. 541.

Borgonjons (G.), 256.

Borneo, 95, 141, 190, 249, 297, 535,
41, 477.

 Bornezee (E.), 255, 441.

Borry, 264.

Original from

PENN STATE
