660

Losi, 548.
Louyse (.), 475.
Lughtenburg (M. van), 622, 628.

REGISTER VAN PERSONEN- EN PLAATS-NAMEN.

Lutgens (J.), 235.
Lyra (Don M. de), 72.

ML.

Macao, 7, 9, 11, 357, 84, 189, 190, 205,
225, 265, 285, 535, 544, 547.

Macaroeba, 601, 602.

Macktom (Said), 205.

Macquelyn (J.), 365, 566, 422, 425.

Madagaskar, 500, 501.

Madioen, 97, 109, 194, 295, 522, 494.

Madjapahit, 29, 267, 509.

Madjene, 475.

Madoera, 50,
167, 172,
317, 530,
520, 543.

Madoereezen,
254, 291,
494, 495,

Madouw, 515.

Madras, 25, 606.

Madraspatnam, 140.

Madrid, 70. :

Maetsuyker (J.), 126, 245, 272, 564, 625.

Magalage, 501.

Magali (Dang), 128, 129.

Magimba (Dang), 547, 655, 657.

96, 99, 108, 109, 114, 165,
194, 234, 291, 292,
568, 425, 494, 496,

515,

4971,

50, 109, 164, 167, 172,
292, 509, 335, 566, 425,
549, 545, B46, 547, 596.

Makassaren, 1, 9, 14, 50, 38, 44, 75, 84,
88, 9597, 99, 104, 108, 111, 113,
114, 116, 125, 128, 159, 145, 153,
161, 165, 165, 166, 168, 170175,
178, 179, 195, 201, 204, 215, 215,
227, 229, 254, 237, 240, 241, 2553,
262, 263, 267, 270272, 274, 2585,
289, 291, 298, 302, 505307, 311,
3513, 515317, 3522, 350, 3355, 355
558, 555, 3557, 3558, 563, 365, 3566,
568, 572, 375, 576, 3578, 579, 582,
587, 594, 3597, 398, 405, 416, 419,
420-424, 427, 429, 450, 452, 459,
442, 443, 446, 454, 458, 471, 473,
479 486, 492, 495, 495497, 499,
bob, 507, 509, 512514, 519, 524,
528, 529, 54l547, 558561, 566,
668, 575, 583, 596, 601, 602, 606,
6356, 6357.

Makjan, 455.

Malabar, 154, 206, 207, 229, 259, 260,
277, 5379, 400, 419, 427, 429, 473, 559.

Malaja (Dang), 357.

Malakka, 37, 358, 78, 117, 129, 156, 154,

enen eend tan

Majambe (Dang), 422.              166, 161, 180, 202, 206, 215, 217,
Majampa (Dang), 495, 496, 546. 221, 224, 252, 252, Wb, 263, 264,
Majoeda, 118, 601.                  283, 295, 296, 298, 341, 547, 556,
Maka (Entji), 266.                   569, 571, 372, 417, 426, 428, 429,
Makassar, 68, 70, 78,85,88,89,98, 109, 451, 454, 463, 467, 472, 475, 481,
115, 115, 119, 120, 128, 152-154, 488, 489, 491, 498, 499, 515, 517,
194, 210, 226, 255, 244, 274, 288, 518, 539B41, 556, 563, 567, 582,
295, 296, 298, 502, 307, 515318, 612, 639.
529, 530, 531, 535, 557, 577, 589, Malang, 97, 99, 109, 166, 167, 172,
400, 402, 418, 419, 422, 456, 457, 195, 194, 292, 350, 423, 493, 496.
458, 465, 475, 477, 482485, 488, 522, 542, 543, b4b.
489, 509, 521, 543, 545, 547, 550,  Malari, 351533.
651, 560, 596, 602, 656, 659, 640. l Malatia (Dang), 240.
ogtzese Google                        led
