Digitized by Google

864

Cheribon 7, 9, 1619, 21, 40, 48, 50,
61, 62, 86, 88, 90, 99, 105106, 115
120, 126, 152-156, 158-140, 145,
157, 166, 184186, 189101, 195,
196, 198, 205207, 229, 250, 235,
259, 248, 261, 271, 278, 305, 507,
308, 311, 3518, 519, 529, 359341,
551, 355, 360-562, 565, 5703575,
378, 579, 388, 389, 406, 409, 414,
415, 422, 428450, 463, 521523,
525, 527, 530, 553b35, 540, 541,
551, 556, 557, 559, 560, 572, 674,
584587, 618, 625, 625, 634659,

641, 648, 649, 656, 661, 675, 681,
682, 684, 690, 693, 694, 697699,
705, 706, 708, 7356, 757, 743, 753,
7161, 765, 769, 772, 773, 786, 788,
791795, 8035, 805, 806, 811, 8153,
814, 816, 818, 819, 848, 849.

Chiancong 80.

China 56, 47, 54, 60, 72, 79, 80,
180, 181, 194, 214, 252, 253,
266, 272, 276, 286291, 295,
501, 309311, 3518, 355, 368,
375, 378, 3591-593, 395, 402, 407,
408, 410, 417, 427, 44b, 446, 449,
461, 463, 464, 467, 471, 476478,
480, 482484, 488490, 492, 494
497, 499, 503, 525528, 555, 624
626, 629, 650, 658, 706710, 776,
177, 788, 789, 849, 850, 854, 855.

Chincer 727.

Chincheeuw 56, 47, 409, 525.

Chindi 422.

Chinees 1, 810, 19, 51, 44, 47, 49-51,
53, 54, 57, 59, 60, 70, 72, 73, 79,
8183, 86, 9093, 95, 101, 111, 112,
116, 118, 121, 153, 137, 159, 140,
142144, 147, 150, 167, 179181,
192194, 199, 200, 202, 203, 214,
216, 217, 235, 257, 240, 241, 249,
249, 265, 272, 274 - 276, 281, 284
286, 288, 292, 295, 296, 298 3503,

101,
265,
295,
570,

REGISTER VAN PERSONEN- EN PLAATSNAMEN.

3083512,
565, 568,
592, 395,
415, 416,
bbb 446,
466485,
504, 525,
bbb, 572,
625627,
688, 710,
822, 840,
855.

Christen 420.

Christiaansz (C.) 42, 46, 96, 728.

Christiaansz (N.) 19, 21, 692, 782, 799.

Christoffel (H.) 345.

Christoffelse (G.) 208, 209, 315.

Ciahan Catawan 652.

Cicila (Dang) 2.

Cinsier 539.

Claassen (B.) 40, 3521.

Claerbout (S.) 417.           '

Claesen (C.) 622.

Clakoea, zie: Takoea.

Cleyer (.) 40, 60, 70, 135, 360, 617,
581, 827.

Cnoll (C.) 561, 620, 794.

Cochin 2350, 231, 514, bib, 558, 5b3,
579, 580, 630, 696, 758, 759, 767,
809, 810.

Coeck (J.) 552.

Cock (P. de) 40.

Coe 699.

Coenraats (Z.) 584, 597.

Coilan 580.

Colbert 486.

Coll (A) 643.

Coll (F.) 627.

Colombo 24, 64, 69, 152, 230, 253, 254
375, 576, 5358, 559, 579, 580, 681
629, 767.

Comans (D.) 69, 74.

Commelijn (J.) 724.

520,
570,
597,
427,
451,
488,
526,
575,

536, 340, 345, 565,
512, 378, 587, 591,
3598, 404, 406 411,
429451, 455, 441,
459, 461, 465, 464,
489, 497, 499 bO1,
528, 529, 547, 552,
584, 587, 599, 625,
648, 660, 661, 680, 681,
757, 796, 806, 814, 817,
845 847, 850, 852, 854,

Original from
PENN STATE

