REGISTER VAN PERSONEN- EN PLAATSNAMEN,                869

Godsken (Y.) 696.                     Goltwater (E.) 3

15.
Goedoegoedoe, zie: Oedoegoedoeg.        Gonsalvos (M.) 652, 644.
Goedormo 759.                      Gorontalo 610.
Goelian 652.                       Gouw Tengkwa 81, 83, 180, 216, 273,

Goens (R. van) 1, 46, 11, 12, 30, 52,    277, 286, 302, 568, 370, 464, 467,
355, 537, 43, 53, 60, 62, 64, 69, 72, 87,    469, 471, 472, 474, 475.
106--108, 112, 117, 125127, 154,  Gowa 2, 116, 118, 154, 146, 161, 236,
137, 142-144, 146, 148, 150, 151,   237, 3574, 375, 3579, 380, 758, 8356,
155, 159, 164, 187, 188, 192, 210, 211, 842-844.
219, 220, 229, 230, 240, 242, 254,  Gowa (Krang) 639.
255, 258-260, 265, 270, 284, 285,
526, 371, 374, 317-319, 585, 586,
587, 3590, 592, 594, 595, 599, 415,
429, 431, 455, 457, 4358, 440, 448,
450, 453, 455 -457, 461, 467, 489,
496, 497, BOO, BOL, 505, 517519,
652, 556, 546, b62, 564, 566, 570,
571, 588, 597, 598, 601, 614, 660,
683, 684, 691- 693, 696, 712, 75,
7118, 720, 731, 754, 756, 795, 802, 804.
Goens (V. van) 102, 106, 108, 112114, 1
132, 551, 577, 601, 773.
Goens de Jonge (R. van) 23, 24, 47, 64,
68, 71, 86, 88, 106, 112, 202, 2353,
296, 387, 588, 469, 577, 609, 702,
755, 756, 755, 767, 768, 774, 781,

Gowa (lkadja) 741, 743, zie: Bisei.
Graeff (L. K. de) 859.                                 E
Grevinck (A) 89, 104, 141, 167, 168,
205,- 306, 6352, 678, 605, 607, 797.               8
Grim (l. N.) 179, 298, 712, 717, 718.
Grinnel (fh) 103, 141, 167, 168, 205,
506, 552, 578, 605, 607, 797.
Grissee 48, 5O, 78, 90, 508, 323, 325,
5350, 351, 589, 406, 452, 525, 573,
606, 625, 707, 787, 848.
(robogan 745.
Groenensteyn (M. van) 819.
Groenewout (M. van) 795.
Grogol 509.
Groningen (bastion) 142, 223.
Groot (J. P. de) 21, 86, 578.
Groot Java 5, 6, 211, 578, 586, 460,

784, 791, 811, 829.

Goeram (Entji) 651.                496, 500, BOB, 518, 656, 598, 684,
Goeree 592.                          693, 804, 805.

Goes (D. HI. van der) 246.            Groote Kombuis 14, 18, 27, 44, 5, 145,
Goethart (N.) 635.                   188, 197, 207, 229, 278, 349, 387,
Goetken 696.                      548, 859.

Goffasa 609. Gruyt (H. de) 756, 825, 859.

Golconda 55, 244, 246, 281, 686, 725  , Guenjer (F.) 595.
727, 754, 7166.

ET.
Haeck (C.) 846                      Hampan 255, 256, 259, 260.
Haes (D. de) 55, 214, 474, 475, 537.  Handjar 555.
Flagany Oudjo (Krang) 841.           Haneman (IF. G.) 540, 642.
Hakelama 675.                      Haraman 571.
Halmaheira 678.                     Harde (J. de) 306.

Hamburg 10, 486.                   Harkmans (I.) 521,

Original from

Digitized by Google                              PENN STATE

