REGISTER VAN PERSONEN- EN PLAATSNAMEN.

Hoorn (stad) 113, 114, 704, 785, 822, 852.

Hoorn (eiland) 781.

Hoorn (J. van) 153, 5, 6, 10, 23, 64,
69, 70, 74, 85, 89, 102, 106, 107,
137, 150, 159, 164, 186, 202. 208,
209, 211, 216, 220, 248, 252, 255,
258, 259, 265, 268, 272, 285, 286,
502, 321, 5535, 556, 341, 353, 556,
557, 360, 3568, 570, 571, 574, 3578,
582, 586, 388, 3590, 595, 414, 455,
437, 440, 444, 455, 457, 461, 467
469, 471, 477, 480, 496, 5OO, 505,
518, 519, 537, 558, 564, 566, 598,
602, 607, 621, 622, 641, G56, 684,
695, 702, 741, 747, 757, 769, 774,
804, 806, 845.

Hoorn (P. van) 292, 588, 401, 469, 692,
151.

Hoorn (P. R. van) 585.

Hoorn (P. van den) 32, 70, 113, 179,
298, 717.

Iboe (Ratoe) 429.

Ibrahim (Radja) 714, 796.

Terland 101, 102, 106, 107, 71.
lerlander 2352.

llebee 655.

Ilha dos Galos 725.

Imnha 303, 304.

Imbanagara (Kiai Mas) 212, 297, 552,
Inderma (Radja) 714, 716.

Indiaan 545, 686.

Indragiri 15, 26, 96, 98, 126, 149,
199, 219, 220, 252, 549, 421, G58,
695.

Indramajoe 2, 3, 6-10, 1519, 21, 48,
50, 61, 62, 85, 87, 89, 90, 96, 98,
105105, 115117, 119, 120, 151,
152, 134-136, 138, 139, 152, 157,
162, 163, 166, 167, 179, 184186,

Digitized by Google

871

Hosten (A. van) 360, 621.

Hottentot 531.

Houko 451.

Houten (J. van) 24.

Houthuys (J. GC.) 811.

Huglamongh 218.

Hugo (T.) 103.

Tuquam 356, 80.

Hurdt (A.) 16, 20, 23, 43, 202, 228, 305,
505, 520, 552, 560, 582, 587, 3589,
455, 444, 446, 461, 468, 475, 479,
505, 556, 540, 550, 554, 571, 572,
584, 588, 618, 619, 641, 656, 658,
661, 702, 741, 757, 768, 774, 813.

Hurdt (M.) 32, 127, 128, 191, 298, 299,
405, 659, 681, 711, 717, 719, 730.
Huysman (M.) 250, 614, 615, 517, 552,
579, 580, 650, 758, 739, 767, 809,

810.

Huyssens (J.) 770.
; Huysser (Z. de) 102.

191,
2350,
529,
406,
556,
649,
115,

194,
296,
551,
409,
557,
675,
186,

195,
505,
561,
414,
585,
685,
788,

198, 199, 205207,
507, 509, 511, 518,
562, 570, 574, 3588,
429, 524, 527, 535,
625, 625, 654, 655,
697, 698, 707, 709,
1792, 818, 848, 849.

Indrapoera 298, 712, 714, 715, 717,
Indyek (L.) 521.

Ingen (M. van) 3533, 557, 581.
Innagara (Pangeran) 556.

Iria Jucapura 55.

Isaaks (P.) 78.

Iskander Ibrahim Mafi (Sultan) 516.
Ismal 762.

Ispahan 515, 809, 810.

Italiaan 164, 165.

IlaliE 165, 486, 659.

Original from
PENN STATE
