REGISTER VAN PERSONEN- EN PLAATSNAMEN.

Bernardus (F.) 561, 590, 620.

Berouw 742.

Bervelt (J.) 21, 53, 71, 87, 151, 211
213, 248, 285, 536, 370, 371, 375,
4237, 447, 465, 521, 582, 591, 602,
608, 645, 647, 750, 759, 760, 768,
780, 783, 807, 813, 844.

Bescherming (fort) 505, 562, 414,
634, 675, 697, 773,

Besselman (J.) 59, 74, 3590, 417,
455, 550.

Bessi 644.

Betetock 596, 597.

Biana 425, 774, 776778.

Biara 77, 172, 173.

Bilal Padadakan 428, 652.

Bilandre (F.) 127, 128, 151.

 Biliton 35, 41, 42, 50, 79, 409, 410, 527,
628, 709, 710.

Bima 1, 2, 15, 48, 50, 78, 91, 92, 138,
165, 256, 255, 255 257, 259265,
552, 352, 416, 451, 452, 548, 549,
591, 608, 609612, 614617, 814,
819821, 844.

Bimanees 15.

Bimelipatnam 56, 245.

Bisei (Krang) 15, 6-8, 16, 17, 85
87, 104, 116, 117, 151, 1352, 154
156, 146, 157, 162, 179, 184, 185,
191, 194, 195, 202, 203, 206, 230,
237, 306, 319, 529, 559, 341, 371,
578, 589, 414, 415, 422, 535, 540,
556, 586, 6354659, 648, 685, 697,
698, 761, 762, 772, 773, 792, 795,
812, 855857, 842, 843; zie ook:
Gowa.

Bisson 696.

Biswycq (G.) 367.

Bitko 806.

Bitter (J. de) 108.

Bivoerongh 3579.

Blanda (Radja) 126.

Bleyswyck (D. van) 564.

555,

455,

Digitized by Google

861

Blicklant (C.) 2354.
Blitar 77, 78, 169, 173, 3526.

Bliton (Kali) 329.

Block (.) 621.

Blom (A.) 447.

Blom (D.) 2, 16, 20, 43, 185, 189, 209,
223, 296, 581, 386, 387, 435, 468,
479, 505, 520, 556, 540, 5b4, 572,
584, 618, 658, 702, 703, 753, 755.

Blom (N.) 562.

Boangh 837.

Bock (P. de) 741, 742.

Boeang (Entji) 9, 640, 651.

Boegi's 77, 78, 131, 155, 168175, 176,
256, 265, 507, 522, 329, 352, 451,
452, 645, 548, 611, 613, 615, 640,
647, 625, 687, 695, 698, 700, 705,
742, 796, 844.

Boekoe (Kiai) 303, 504.

Boelan (Entji) 254.

Boelekomba 844.

Boeleleng 634, 556, 587, 655.

Boelingan 655.

Boemisoro, sie: Soro.

Boengoes 712.

Boerane (Dang) 185, 635, 636, 63A, 639,
698700, 702, 751.

Boeroe 769, 770, 799, 800.

Boeroeng Barong 719.

Boeson Bieuw 652.

Boeton 2751, 256, 608, 673, 679, 680,
692, 7359, 747, 750, 751, 758, 770,
789, 799.

Boetonner 641, 644.

Bok (De) 611.

Boksi 655.

Bol (P.) 21.

Bolau 571.

Bolek (D. van den) 1335, 335, 560.

Bollan (H. de) 333, 357, 381, 447,
543.

Bombay 232, 825.

Bomeny (J. de) 461.

Original from
PENN STATE

