 Se De

q Jp 6 ko)
v od ad . 4
d. lek ij

EEN
padde

55 682

Nik
DINE
DO) Me
1 bin, 652
1, 78 i

REGISTER VAN PERSONEN- EN PLAATSNAMEN.                 895

Tamsiako 121.
Tanara 25, 97, 271, 310, 319, 544, 524,
585, 600, 705, 802.
Tandjoeng Kait 541.

Tandjoengpoera 21, 55, 71, 87, 151, 136,
151, 167, 211215, 247, 285, 536,
570, 573, 406, 427429, 447, 463,
515, 514, 521, 54l, 582, 585, BOL,
602, 608, 645, 647, 750, 751, 759,
152, 760, 768, 780, 781, 785, 507,
815, 844.

Tanerery 679.

Tanele 742.

Tange (W.) 782, 799.

Tanggeran 18, 32, 90, 96, 97, 99, 140,
166, 269, 271, 509, 519, 3544, 550,
524, 575, 585, 599, 600, 705, 754,
155, 757, 805.

Tanhoaco 44.

Tanjoulan, zie: Pagoetan.

Tankoke 99, 572; zie: Tonkoke.

Tanoe 627.

Tanoe Baja 152.

Tanoe Djaja 95.

Tanoe Djiwa 666.

Tansjouwer 255, 639, 550, 647, 727,
7129, 759.

Tantsanko 552, 627, 846, 847.

Tapa (Pangeran Mas) 428, 578.

Tarant (H. J.) 550.

Tartaar 1, 56, 59, 75, 80, 86, 144, 17
181, 195, 202, 216, 218, 240, 27
276, 281, 282, 285288, 290, 20
296, 2993501, 535, 568, 591-595,
395, 396, 599, 404, 413, 441, 444,
445, 461, 463, 464, 466471, 474,
475, 477479, 481, 485, 488, 489, :
726, 817, 818.

Tartarye 467, 489.

Tasakan 655.

Tatalion 655.

Tegal 9, 10,17, 48, 50, 86, 87, 89, 90,
92, 105106, 116118, 154, 1537,

mn de

bi
bd

9
5)
pe
0)
dd

Digitized by Google

158, 141, 157, 162, 167, 168, 171,
177, 183, 198, 199, 205, 205, 506
508, 311, 522, 556, 405, 409, 428,
525, 527, 550, 532, 572, 574, 578,
605607, 625, 625, 673, 698, 706,
708, 786, 788, 797, 798, 806, 857,
847, 849, 850.

Tegenapatnam 281, 576, 557, 646, 727,
728.

Teixero (E.) 244.

Tekkenkaer 5156, 580.

Teko (Aroe) 451, 611, 761765, 841.

Telgompel 582, 759.

Tellaert 245.

Tellier (D.) 692, 782, 799.

Tello (Radja) 161, 255.

Telok Boenoet 55.

Temmer de Jonge (Il) 18, 24, 796.

Tenassarim 686, 726, 728, 754, 766.

Tengger 170.

Tengkwa, zie: Gouw Tengkwa.

Tenglouw 95, 214, 272, 277, 286, 502,
368, 370, 595, 444, 464, 467, 471
415, 477.

Ternaso 12, 14.

Ternataan 610, 673678, 755, 769, 799,
825.

Ternate 1, 6, 10, 19, 21,2755, 60, 71,
109, 110, 126, 165, 164, 202, 256,
957, 514, 3515, 317, 558, 565, 564,
404, 450, 487, 488, 514, 582, GOB
G10, 618, 641, 656-658, 661, 675,
674, 678680, 692, 694, 705707,
751, 7352, 740, 741, 747749, 7170,
7757179, 799802, 812, 816, 850
854.

Terthoolen (A.) 604.

Tesiong 464.

Tessichan 826.

Teuver 152, 516, 558, 559, 647, 759.

Texel 22, 122, 600, 604, 794.

Teybene b70.

Theapoena 742.

Original from
PENN STATE
