REGISTER VAN PERBSONEN- EN PLAATSNAMEN,

Mahin Ahoe Loeboe 140.

Malakka 8, 14,

877

15, 18, 19, 25, 75, 74,

Mahmed Aminkan 251, 825, 624          111, 120, 152, 159, 152, 167, 191,
Mahmed Ibrahim 726.             195, 198, 199, 220, 266, 272, 298,
Mahmoedsha 714, 715, 717.            509, 511, 549, 565568, 380, 590,
Maja, zie: Aroen.                   406, 409, 417, 421, 468, 469, 621,
Majuda 1.                      524, b25, 628, B55, 556, bA2b44,
Majutte, zie: Mendjoeto                5675, 574, b77, 651, 658, 660, 680,
Makasi (Dang) 235.                   GSI, 684, 685, 694-697, 702, 705,
Makassar 29, 50, 71, 77, 18, 85, 8789, 727, 751, 754, 767, 768, 788, 796,
92, 125, 131, 133, 156, 140, 155, 154, ,   802, 608, 809, 816, 817, 822, 825, 848.
159, 161-165, 170, 255 257, ost Malam 152.
255, 256 -263, 265, 522, 528, 5535, Malang 77, 175, 174.
451, 452, 527, 542, 648, 549, 573, , Malanghong 552.
587, 591, GOS612, 614, 625, 625, Malawa 845, 844
627, 640, 658, 674, 682, 685, 687, 1 Malda 725, 765, 828, 850-854.
701, 707, 709, T4l, 742, 746, 747,  Maleier 9, 10, 16, 18, 2528, 34, 55,
751, 758, 764, 788, 855, 856, 840, BI, 52, 74, 79, 85, 86, 89, 95, 100,
848, 849. 102, 104, 115, 117, 124126, 132,
Makassaar 1-35, 610, 15, 16, 18, 26, ; 154, 140, 145, 145, 146, 148, 150
29, 41, 42, 57, 62, 76, 77, 79, 84, 86, j   152, 155, 160, 171, 182, 186, 187,
89, 96, 97, 100, 104, 111, 115120, 190195, 195, 200, 202, 205, 205,
151, 132, 134-157, 146, 147, 155, ' 207, 219, 221, 225, 225, 226, 228,
154, 157, 161, 168-176, 179, 182,   229, 256, 259, 242, 244, 248 -255,
184, 185, 194196, 201206, 257, ; 268, 269, 277280, 284, 297, 298,
239, 243, 2I5255, 257. 258. 260 302, 507, 512, 32 555553, 537,
262, 269, 278, 280. 297, 306, 507,    359, 540, 554, 556, 557, 566, 571
518, 519, 322, 326, 328, 339, 552, 574, 581586, 589391, 395, 594,
387589, 414, 415, 452, 453, BIL    bli, 418, 419, 421, 447, 448, 450,
5355, 540, b44546, 551, 552, 55G,   451, 462, B29, 553, 555, 557, 540,
657, 560, 562, 581, 585, 586, 56,   645, 548, 555, 558, 567569, 571,
605, 608, 611, 615, 616, 654- 639,   575, 585, 586, 600, 605, 627, 654,
647, 648, 650, 673, 681-685, CS5,   638, 640, 645-647, 649, 651, 652,
687, 695, 697701, 705, 751, 756, 656, 660, 674, 679, 680, 686, 690
746, 753, 765, 1717735, 791, 792, : 692, GOS, 699, 710714, 717, 718,
797, 815, 821, 825, 855857, 859, ' 720, 721, 734, 740, 741, 746748B,
840, 844.                  760, 761, 771, 772, 790, 797, 806,
Makjan 674, 679, 770.   813, 818, 819, 829, 851, 852.
Malabar 162, 2530252, 589, b14b17, , Malejo (Adipati) 169, 175.
537, 642, 550, 552, 579, 580, 600,  Malela (Entji) 9, 10.
601, 603, 629, 630, 658, 694, 696,  Malewa (Darig) 2, 5, 202, 253, S4l.
704, 705, 728, 7359, 740, 764, 767,  Malewang 256.
810.                      Maleyo 109, 110, 674, 675, 678, 679.

Maladiven 64, 65, 515, 516. Malik Kasim 55, 121, 724.

Original from
PENN STATE

Digitized by Google
