REGISTER VAN PERSONEN- EN PLAATSNAMEN.

Soera Kiswara 797.

Soera Nata 238, 351, 379, 745, 814,815

Soerapati 54, 105, 815.

Soerasowan 450, 553, 660, 661, 680,

681, 7557357, 802, 805.
Soera Wikrama 526.
Soeria (Pangeran) 97, 98, 3549.
Soeria (Ratoe Bagoes) 3549.

Soeria Diwangsa (Pangeran) 98, 239, 270,

424, 551.
Soeria Nagara (Pangeran) 792.
Soeroeasa 711, 714, 721.
Soet (T. C.) 614.
Soeta (Pangeran) 98.
Soeta (Ratoe Bagoes) 98.
Soeta Djaja 78.
Soeta Gali 452, 670.
Soetakartli 452.
Soelama 171.
Soeta Manggala 526.
Soeta Naja 116, 118, 119.
Soela Nangga 212, 297, 652.
Soeta Wangsa 662, 771.
Soeta Watjana 41.
Soetjock, zie: Tjoetjoek.
Soisa, zie: Sousa.
Soka 100, 168, 171, 176, 527, 3528.
Sokotora 775, 778.
Solier 726.
Soloon 219.
Solor 3, b, 569571, 625.
Somit (Radja) 694.
Sondaar 171.
Songo (Krang) 256.
Sonnebay 5.
Soolmans (I.) 222, 225, 505, 508.
Sopeng 165.
Sore 661.

Soro (Boemi) 255, 256, 258261, 451,

609, 611, 613616, 820.
Solja 78, 170.
Soubre (.) 296.

891

190, 216, 250253, 255, 245, 244,

268

299, 519, 527, 575, 585, 589,

592, 594, 409, 410, 416, 418, 422
425, 451, 460, 469, 474, 485, 514
517, 531, 557, 542, 551, 555, 564,

569

hd

577, 581, 584, 585, 593, 600,

601, 629631, 658, 659, 689, 702

704, 723, 724, 728750, 752,

164,

167, 768, 775779, 800, 810, 825

825, 854857.
Sousa (A. de) 643, 692, 694.
Soury (J.) 40, 305.

, Spanbroeck (C.) 216, 217, 219, 272, 277,
286, 296, 3593, 595, 400, 404, 413,

Spanje 8, 10, 74, 108, 141, 166, 486,

hl4, 441, 444, 446, 461, 469,
474, 475.

410,

Spanjaard 22, 3052, 41, 42, 56, 75

15, 84, 85, 102, 108110, 125,

165, 180, 202, 242, 264, 265,
554, 358, 409, 416, 450, 455,
458, 481485, 486.

164,
507,
457,

544,

595, 607, 694, 727, 728, 801, 845.

, Speelman (C.) 2, 15, 20, 28, 50, 45, 47,
95, 102, 132, 154, 135, 156, 171,

177,

202, 216, 225, 228, 256258, 248

250, 256, 267, 263, 264, 268,
277, 218, 296, 302, 503, 306,

269,

521,

3525, 330, 333555, 541, 553, 555

358, 370, 3572, 578, 384, 587,
391, 419, 422, 425, 429, 454,
446, 468, 469, 476, 479, 517,
540, 587, 611, 617, 618, 654,
638, 640, 641, 645, 650, 656,
661, 679682, 687, 754, 756,
742, 745, 748, 749, 756, 758,
714, 782, 795, 809, 821, 858,

 843.

Staden (H. van) 245.

Stael (T.) 46, 63, 367, 390, 584,

Stappen (G. van der) 186, 296.

Star (D.) 756.

Sourate 4, 28, 31, 56, 75, 159, 167, 189, : Steen (J.) 656, 648.

Digitized by Google

Original from
PENN STATE

589,
445,
556,
6357,

660,

141,
168,
840,

598.
