464                 REGISTER.

Antbonissen (Adriaen), 52, 114, 201,
227, 229, 308, 393, 439.

Antongil (baai van), 189.

Arabi, 87, 261, 264.

Arakan, 27, 28, 32, 44, 45, 65, 66,
158, 159, 185, 216, 241, 242, 290,
291, 352, 353, 367, 334, 388, 389,
412, 453.

Arcapoera, zie: Arsepoer.

Arentse (Hendrick), 311.

Arentsen (Jan), 31.

Ariapour, zie: Arsepoer.

Arima (Arma), 61, 63, 149, 311.

Armagon, 3, 7,41,45, 120, 242, 366.

Armenirs, 88.

Aroe-eilanden, 19, 43, 79, 238, 240,
241, 294, 381, 407, 411, 412.
Arsepoer, 241, 242, 366, 415, 445.

Aru, zie: Aroe.

Assahoedi, 107, 109, 339, 340.

Assilolo (Assalouly), 197, 358, 397, 399.

Atjeh en Atjehers, 6, 34, 110, 117,
122, 128-130, 133, 153, 159, 162,
188, 216, 236239, 243, 271, 290,
365, 381, 382, 389, 390, 454, 455.

Augustijn (St.), baai van, 189.

Awa, 55.

B.

Babi (Poeloe), 282, 292.

Babiloni, 334.

Bahadet, zie: Bagdad.

Bagdad, 3, 334.

Balamboeang, 2, 16, 17, 58, 67,91,
110, 138, 142, 174, 176, 182, 185,
351, 408, 410, 420, 422.

Balapatam, 368.

Bali, 31, 36, 37, O1, 138, 147, 152,
155, 174--178, 180, 182187, 420.

Digitized by Google

Baliboang, zie: Balamboeang.

Banda en Bandaneezen, 1, 2, 4, 18,
19, 43, 54, 58, 73, 18, 79, 82,
101, 106, 109,
137139, 176, 196-199, 218,
246-248, 266, 296, 322, 323,
344 -340, 357-399, 367, 369,
380, 390, 391, 403408, 420,
439, 449, 451.

Banda (Groot), zie: Lonthoir.

Bandali (Bandar), 338.

Bandjermassin, 16, 20, 31, 32, 37,
38, 78, 106, 150, 160, 186, 272,
294, 313, 381, 419, 420, 458, 459,

Bangago, zie: Banggaai.

Banggaai, 41, 104.

Bangkahoeloe, zie: Benkoelen.

Bangkalis, 412, 418.

Banka (Banco, 126, 141, 150, 159,
161, 166, 292, 392.

Bantam en Bantammers, 24, 11,
15-18, 20, 29, 3136, 38, 4043,
46-50, 52, 58, 66, 72, 13, 76,
18, 81, 85, 86, 8993, 98101,
105, 106, 108, 109, 115117, 126,
127, 129135, 138140, 143, 145,
147, 149, 150, 152154, 161,
164, 165, 167,168, 171, 113, 174,
1841569, 194, 199201, 204,
205, 208, 210, 217,218, 220, 221,
223230, 235, 240, 244, 256,
266, 267-277, 279282, 291,
294296, 298, 299, 304, 307, 312,
319321, 323, 337, 338, 348350,
354, 356, 357, 359361 , 310373,
380, 384, 410, 413, 416-418, 420,
421 , 438, 440, 441, 445, 458.

Barbuquet, 57, 64, 235, 385, 453.

Bardes (land van), 335.

Barentsen (Steven), 336, 394, 395,
419, 458.

Original from
NEW YORK PUBLIC LIBRARY

111, 128-130,
