REGISTER VAN PERSONEN- EN PLAATS-NAMEN.

489

E.

Padang, 21, 100, 103, 155, 155, 162,
180, 182, 190, 204, 219, 248, 278,
282, 284, 289, 307, 314, 520.

Padjarakan, 187, 198, 259.

Padtbrugge (R.), 17, 66, 94, 164, 255,
256, 245, 269, 341, 542, 354, 555,
463.

Pageh, 82.

Pahang, 50, 55.

Palaka (radja), 155, 159, 167, 172, 186,
198, 212, 264, 271, 558, 559, 452,
446, 465, 466.

Palarang (doeroe), 572.

Paleakate, 98, 100, 150, 180, 181, 518,
520, 387, 595, 596.

Palembang, 5, 18, 19, 25, 50, 352, 58,
40, 48, 56, 57, 65, 72, 78, 81, 84, 88,
94, 96, 97, 118, 119, 154, 141, 152,
155, 170, 171, 176, 182, 201, 204,
246, 247, 258, 285, 284. 288, 290,
509, 3510,      527, 528, 556, 357,
574, 3575, 3581, 450, 447, 457, 458,
469.

Palembangers, 111, 167, 199, 457.

Palingh (L.), 35357, 453,

Pamalang, 30, 56, 58, 117, 120.

Panagi, 213, 593.

Panaragan, 109, 147.

Panganten (raden), 440.

Pangeran Adipati, 167, 177, 254, 261,
270, 281, 287, 289, 300, 301, 305,
343, 545, 426.

Pati (pangeran), 451.

Panoelar (aria), 500.

 (raden), 442.

Pantsi, 272.

Pantsiano (eiland), 235, 256.

Pape (J. de), 65.

Parel (bastion de), 229.

Parga (rivier), 241.

Pariamata, 415, 417.

Google

Parnegamme, 105, 155.

Parve (D.), 165, 571.
 (J), 5, 5, 58, 3551.

Pasir, 55, 108, 109, 282, 284, 468, 469.

Pasoeroean, 109, 186-188, 198, 211,
258240, 246, 261, 267, 269, 415, 417.

Pati, 71, 79, 90, 106, 107, 110, 111,
184, 210, 238, 259, 241, 294, 501,
505, 304, 3523, 543, 456 -440, 444.

Patima (kraeng), 295.

Patna, 132, 588, 395, 421.

Patra Singa, 409.

Pauli (J. J.), 29, 122, 142, 143, 169, 178.

Pauw (P.), 55, 44, 59, 158, 206, 254,
250, 271, 278, 520, 404, 406, 419.

Pauwers, 100.

Pavilioen (A.), 129, 192, 339, 553, 457.

    (M.), 420.

Payne (A), 144, 218, 295,

Pedro (P.), 521.

Pegoe, 180.

Pekalongan, 1, 350, 31, 36, 49, 56, 57
81, 85, 117, 119, 147, 152, 155, 166,
202, 204, 220, 228, 246, 248, 274,
2835, 284, 299, 501, 502, 504, 505,
513, 315, 331, 35357, 345, 573, 575,
4135, 417, 454, 458, 439, 442, 466, 469.

Peking, 124, 448.

Pemalang, 467, 469.

Pemanoekan, 87, 89, 152, 155, 202, 204,

246, 248, 285, 284, 315,
3515, 332, 349, 550, 561, 564,
368, 369, 373, 375, 592,
415, 417,455,457, 467, 469.
      (rivier), 115, 115, 118, 120.

Penneman (F.), 78, 255, 286.

Perak (rivier van), 593.

Pereira (A.), 158.
 (J.), 464.
 (P), 158.

Perimbala (kanarijn), 511.
