486         REGISTER
110, 134,
167, 172,
234 256,
271, 272,
525, 337,
353, 358,

159,
186,
240,
276,

145,
187,
241,

147,
205,
255,
295,

, 157,

2411

267,

286,     5315, 315,

539, 3545 347, 550, 551,

559, 561, 364, 365, 574,

575, 582, 415, 417, 422, 452, 445,
446, 451, 456, 465 467, 469.

Makasar (radja). 198.

Makasaren, 7, 8, 19, 55, 58, 40, 41, 45,
67, 69, 70, 72, 87, 91, 109, 110, 114,
1355, 1357, 146, 147, 149, 161, 165,
167, 185187, 198, 209, 211, 212,
237, 258, 240, 260 -262, 264, 267
271, 275, 280, 281, 295, 295, 300,
506, 515, 325, 552, 556, 359, 544,
549, 3550, 3557, 358, 562, 564, 370,
590592, 408, 409, 443544b, 472,
473.

Maker (L de), 64.

Makian, 542.

Malabar, 125, 127, 128, 132, 1355, en
140, 157, 175, 195, 242, 282, 29
292, 3510, 511, 3535, 534, 558, ij
541, 412.

Malaka, 1820, 31, 57, 65, 72, 82, 84,

87, 88, 96, 105, 104, 118, 119, 155,
155, 166, 170, 173, 202,
215, 219, 221, 229, 254, 278,
284, 289, 510, 515, 520, 330,
338341, 370, 372, 3582, 392,
599, 429, 446, 447, 451.

Maleiers, 8, 32, 54, 62, 69, 92, 109,
157, 159, 149, 165, 171, 188, 189,
198, 209, 211, 215, 215, 219, 225,
241, 261, 268, 280, 281, 502, 352,
549, 551, 555, 562, 564, 565, 570,
577, 584, 588, 595, 426, 440, 447,
457, 472, 475.

Maleio (demang), 545.

Mambora, 256.

Mamerang, 258

Mameth Aminchan (nabab), 128.

280,
5355,
595,

114,

Digitized by GO   gle

205, 212

 Marma kati,

VAN PERSONEN- EN PLAATS-NAMEN.

Mameth Soflie (Sultan), 221
Mamoe (daeng), 146.
Mamolt, 1355.

 Manaer, 105, 155.
 Mandar, 209, 272.

Mandaraka (adipati), 345, 567, 571, 592,
458, 459, 441, 445.

Mandarpoeton, 265.

Mandarsjah, 245.

Mangapa, 109.

Mangalas (dang), 445.

Mangarad, 55, 57.

Manggai, 554.

Mango Nonan (toemenggoeng), 567, 591.

Mangsoer (orang-kaja), 49, 186, 446.

Manikabers, 213, 219.

Manila, 41, 75, 77, 88, 95, 152, 168,
178, 191, 221, 244, 520, 542, 582.

Manimba (daeng), 198.

Manteau (C.), 447, 451.

Mantoete, 547, 555.

Mapa Oesoeng, 271, 272.

 Marchal (R.), 169, 176, 218.
, Marchant (S.), 199, 217.

Marchier (G. B.), 550, 556.

Mardaraka (adipati), 591.

Mardykers, 11, 20, 24, 29, 55, 35, 56,
41, 59, 62, 85, 95, 148, 158, 205,
206, 209, 286, 565, 575, 582, 584.
596, 597, 458, 464, 471.

Marengare, 415.

Margamati, 49.

116.

Maroenda (rivier), 270.

, Maros, 258, 551, 558.
 Maroy (J.), 258
, Marta Baia (aria), 275.

Marta Dipa (loerah), 292, 544, 455.
Marta Joeda (kiahi ngabehi), 426.
Martalaia (adipati) 502, 567, 571, 591,
454, 455. 458440.
p     (aria), 241, 545.
Marta Mangala, 425.

Original from

UNIVERSITY OF WISCONSIN
