REGISTER VAN PERSONEN- EN PLAATS-NAMEN

Soembawa, 51, 58, 84, 109, 119, 155,

146, 201, 209, 257, 313, 315, 368,

564, 3713573, 575, 382, 415, 417,
453, 456, 458, 467, 469.

Soembawers, 564.

Soemedang, 355, 361, 431.

     (pangeran), 408410.

Soemenep, 468. 469.

Soemoer, 118, 119, 202,

Soentar, 577.

Soenter (rivier), 177, 472.

Soerabaia, 32, 68, 69, 77, 78, 82, 84,
89, 90-95, 97, 105111, 119, 122,
136, 159, 144, 146 -149, 151, 152,
156, 161, 162, 165, 166168, 171,
182188, 190, 192, 195, 197, 198,
204, 209, 211, 212, 215, 225227,
231, 253, 258, 259, 246, 248, 259
262, 264, 266269, 274, 275, 279,
280, 281, 284, 299, 500, 505, 505,
530, 351, 554-356, 359, 545, 546,
550, 565, 567, 571, 589, 590, 591,
392, 454, 457, 442444, 454.

 Soeranata (kiai aria), 191, 294, 504.
    (toemengoeng), 458, 440.

Soerate, 8, 18, 20, 29, 72, 95, 99, 125
130, 140, 178, 179, 191, 193, 194,
200, 206, 220, 225, 224, 255, 254,
242, 254, 265, 264, 276, 278, 520,
525, 551, 355, 334, 558, 540, 541,
586, 587, 421.

Soesoehoenan, 4, 22, 35, 56, 55, 6670,
78, 79, 86, 8995, 95, 105, 107, 109,
111115, 122, 157-159, 161, 162,
166, 167, 177, 183187, 191193,
196, 197, 210, 211, 215217, 220,
221, 224228, 231, 232, 236, 239
242, 254, 259 - 264, 266270, 275
276, 280, 290, 294, 2993505, 515,
525, 525, 327, 551, 5352, 536, 537,
542546, 548-550, 555, 561 -508,
571, 572, 584, 590, 591, 597599,
426, 455 445, 454.

Google

Soeria Joesa Poera, 129.
Soela Djaja, 116.

 Mangala (loera), 165.
Soetamita (ratoe bagoes), 169, 175.
Soeta Pradja (kentol), 67.

 Soliman, 383, 3584.

Solor, 55, 265, 266.

Sombar, 152, 155, 201, 204 466, 469,

Sombreira (fort), 276.

Sond (de), 265.

Songoldjong, 215.

Soolmans (L), 12, 165.

Soping 552, 559.

Sora (krang). 295.

Sothia, 26, 226, 252, 258, 269, 442.
    (baai), 448.

Soury (J.), 165.

Souwanko, 464.

Spanjaarden, 126, 251, 542.

Speelman (C.), 1, 7, 11, 17, 54, 536 58,
40, 48, 49, 52, 53, 66-71, 76-80,
86, 87, 8995, 97, 98, 100, 105,
109112, 116, 122, 136, 1357, 159,
144 -149, 151, 161, 162, 165 167,
171, 175, 185, 184, 186, 187, 189 -
192, 195 199, 209211, 215 -218,
225229, 251, 2352, 256, 258-241,
259 265, 266, 267, 269, 270, 274,
276, 279, 280, 282, 289, 290, 294,
295, 2983504, 515, 525525, 550
532, 554-551, 542551, 555, 554,
356, 561566, 568, 569, 571, 584,
588591, 595, 599, 452446, 451,
455, 454.

Spyck (J. van der),

Steendam (P.), 65.

 (V.), 290.

Storm, (B. van der), 188.

Straat Banka, 7, 56, 57, 450, 457.
 Madura, 108, 109, 505, 556, 445.
 Soenda, 44, 47, 50, 60, 63, 125,
126, 172, 180, 194, 224, 228, 295, 504,
506, 509, 520, 421, 422, 424, 427, 450

59.
