482

Holland, 151.

Hollanders, 241, 292, 3521,
448450, 471.

Holsum (J. C. van), 264.

Hoorn, 42, 45, 61, 95, 509, 311, 515,

599, 405, 422.

. van), 64.

. van), 60, 65, 64.

. van), 65, 158, 192, 555.

. R. van), 271.

 van den), 64.

3528, 598,

Inarmarka (nachoda), 221, 224, 265.

Indapella, 527.

Indianen, 3570.

Indi, 522.

Indragiri, 96, 97, 229, 595.

Indramajoe, 55, 118, 119, 201, 246, 248,
282, 284, 515, 355, 574, 408, 415,
417, 467, 469.

Indrapoera, 105.

REGISTER VAN PERSONEN- EN PLAATS-NAMEN.

Hop (H.), 216, 268, 547.

Hosigkong Sinong, 124, 125.

Hosten (A. van), 12, 170.

Hottentotten, 28, 294.

Hougly, 10, 51, 99, 102, 180.

Hugo (H.), 80, 415, 452.

Hurt (A.), 54, 164, 175, 256, 257, 280,
288, 289, 295, 541, 542, 361, 445.

Hurt (M.), 17, 21, 182, 507, 519.

Huysman (J.), 582.

(M.), 411.

dea

Indrapoera (sultan van), 507.

Inggampol (kiai), 527.

Inggawanga (adipati), 563, 567, 571.
Ingen (M. van), 188.

Inko Rassa, 265.

Intjeh-Pragi 30, 51, 55, 415, 467, 470.
Ispahan 155.

Iswan, 321.

Ilam, 255, 286.

JJ.

Jacobsen (J.), 286.

Jafnapatnam, 15, 155, 224, 521, 585,
586, 411.

Jager (H. de), 595, 396.

Jago (St. eiland), 8, 294, 504, 555.

Jakatra, 53, 121, 150, 151, 160, 252,

286, 287, 3517, 525, 355, 561,

565, 373, 3577, 580, 420, 457,

472.

(schans), 59, 85, 207.

Jang Pati (maas aria), 187, 442.

Jansen (G.), 157.

(G.), 65.

(J.), 44, 45, 47, 51,65, 157, 464.

(O0), 153.

Japan, 5, 17, 19, 24, 41, 42, 45, 78, 117,
152, 166, 172, 176, 200, 216, 250,

Digitized by GO   gle

280,
458.

Japanners, 45, 429.

Japara, 7, 15, 17, 19, 29, 50, 52, 54 57,
40, 44, 49, 52, 55, 56, 57, 6669,
71, 7678, 81, 85, 86- 95, 97, 100,
105, 106, 108, 110112, 156, 157,
145148, 152, 155, 157, 166, 167,
171, 177, 185, 186, 188, 191, 192,
195197, 199, 209211, 215217,
225229, 251256, 258 242, 245,
246, 248, 259 265, 266, 268, 270,
275276, 280282, 289, 290, 294,
299, 501505, 515, 515, 525, 525,
550552, 554557, 541548, 550,
555, 355, 559, 361, 562, 564568,
570375, 576, 584, 588595, 599,

3501, 524, 541, 404, 428, 429,

Original from

UNIVERSITY OF WISCONSIN
