588

Linkes (krang), 295.

Lissabon, 300.

Lit-soeko, 36.

Lobs (J.), 55, 56, 196, 2353, 272, 288.
Loehoe, 3, 189, 204, 225, 274, 295, 54b.
Loehoeneezen, 260.

Lohir, 541.

Lole, 161.

Lombok, 575.

Lomo Tibon, 48.

Londen, 220, 298, 504.

Lonthoir, 261.

REGISTER VAN PERSONEN- EN PLAATS-NAMEN,

Lor (pangeran aria), 47, 145145, 152,
171, 187, 259, 260, 262, 265, 275,
279, 295, 297, 307, 552.

Losi, 201.

Lotharingen, 219, 505.

Lonadin (datoe), 258.

Lucas (H.), 299.

Luchtenburgh (M. van), 9, 117, 195, 570.

Lucifer (W.), 194.

Lusvelt (IL. V.), 115.

Lutgens (J.), 122.

Luyrelius (W.), 9, 154.

MM.

Maas (de), 169, 507.

Maba, 555.

Macao, 4. 16, 19, 75, 76, 109, 216, 278,
374.

Madagascar, 157.

Madoere, 53, 185.

Madras, 50, 54, 55, 296.
 -patnam, 160, 278.

Madura, 59, 42, 43, 48, 60, 67, 70, 160,

167, 168, 192, 205, 206, 222,
226, 235, 255 -257, 245, 255,
254, 288, 290, 292, 298, 526,
527, 550, 551, 555, 567,
3570, 575.

.    (straat), 222.

Maduratna (radja), 289, 290, 555.

Madureezen, 192, 207, 226, 254, 256,
270, 274, 275, 279, 286288, 291,
292, 296, 297, 503, 327350, 552
3554, 356, 544546, 556, 558, 561,
567 371.

Majoeda, 5, 9, 10, 18, 94, 95, 106, 272,
541, 342, 547, 550.

Makasar, 5, 6, 12, 17, 18, 21, 26, 59,
40, 49, 60, 9295, 105, 105, 121,
125, 1350, 158, 155, 157, 159, 160,
167, 168, 178, 181, 186, 188, 196,
204, 206, 2235, 224, 240, 242, 249,

Google

260, 261, 265, 265267, 272274,
2835, 293, 294, 516, 520, 525, 529,
340, 345, 548, 559561, 564, 566.

Makasaren, 4, 6, 9, 1517, 19, 27, 38
40, 45, 47, 48, 52, 63, 6671, 75-79,
93, 96, 97, 106, 109, 120, 121, 125,
128, 129, 153, 157, 138, 145, 155,
154, 157, 160, 161, 165167, 169,
177, 178, 185187, 189, 192, 205
207, 213, 219, 221228, 254 -245,
2535 255, 257 261, 270, 273275,
279, 280, 287, 288, 292, 294, 297,
528, 545, 361, 3567, 568, 570.

Makian, 11, 18, 551, 552.

Malabar, 53, bb. 56. 735, 101, 110, 190,
196, 207, 219, 220, 223, 2351255,
272, 288.

Malaka, 2, 4, 5, 19, 56, 41, 45, 60, 75,
15, 76, 88, 105, 105, 111, 115, 148,
182, 216, 220, 222, 225, 244246,
259, 263, 270, 271, 275, 277279,
286. 288, 289, 296, 297, 299, 503,
3506, 508, 322, 3525, 3352, 55b, 5358,
559, 574, 3575.

Malapati (kiai), 121.

Maleiers, 16, 22, 25, 59, 48, 51, 65, 98,
99, 129, 168, 191, 202, 225-225,
238. 241, 242, 272, 567.
