594               REGISTER VAN PERSONEN- EN PLAATS-NAMEN.

Soemoer, 21, 42, 43, 247, 249, 282, 283,
519, 521, 373, 575.

Soentar (rivier de), 184.

Soerabaia, 15, 16, 21, 48, 67-69, 76,
97, 121, 125, 138, 167, 205, 256,
242, 249, 527, 574.

Soera Menggala (pangeran), 260.

Soerate, 14, 15, 20. 36, 58, 46, 48, 55,
55, 56. 58, 64, 75, 82, 96, 100, 155,
157, 145, 152, 157, 185, 188, 191,
207, 214--216, 218, 265, 271, 277,
278, 280, 288, 500, 555.

Soesoehoenan, 15, 16, 27, 59, 40, 48,
57, 6771, 7419, 96, 97, 121, 125,
127, 1357. 160, 165, 185187, 192,
205207, 213, 221, 222, 226, 227,
236240 242, 2552b5h, 258, 270,
286, 290, 291, 297, 3526, 527, 529
531, 535, 554, 367, 569.

Solor, 161.

Sond (de), 191, 298.

Sonnabai, 161, 162.

Sonnabaiers, 153.

Soolmans (L,), 121.

Sopeng, 105, 225, 294.

Solja, 257.

Soury (J.), 109.

Sowako, 10.

Spangie (P.), 552.

Spanjaarden, 76, 267, 274.

Speckman (R.), 293, 3529.

Speelman (C.), 3, 5, 10, 17, 94, 104,
105, 109, 198, 203, 214, 225, 240,
261, 265, 272, 275, 295, 294, 509,
550552. 556, 540, 544, 356, 557,
3559, 361, 366 570.

Spel (G.), 522.

Spyck (J. van der), 80, 88, 201, 540.

S' Jago, 231.

S' Thom. 56, 278.

Steents (J. J.), 217.

Sterre (C. van der), 171.

Straat Banka, 56.

 Madura, 75.

.   Soenda, 14, 29, 56, 47, 49, 80,
85, 89, 136, 157, 165, 164, 173, 178,
191, 202, 229, 250, 506, 516.

Strantwyk (G. de David), 280, 298, 505,
309, 516, 555.

Struys (A), 4, 11, 17, 30, 52, 354, 55,
49, 109, 150, 195, 215, 287, 535.

Stryckersbergh (A.), 9.

Sumatra's Westkust, 25, 40, 45, 50, 72,
100, 172, 203, 220, 244, 3505, 307.

Swenne (E. van), 194.

Symons (H.), 194.

Symonsz (J.), 200, 556, 557.

 (NJ), 198.
 (P.), 2, 200.

EE

Taboekan, 274.

Tack (F.), 122, 189, 224, 225, 241, 244.

Tadoenang, 147, 282, 520, 521.

Taelman, 251.

Tafel-baai, 176.

Tagal, 19, 21, 41, 43, 58, 60, 81, 82,
111, 112, 147, 149, 180, 182, 208,
210, 247, 248, 282, 285, 3518, 3521,
356, 558, 3573, 375.

Tagoelanda, 274,

Google

Taioean, 17, 35, 135.
Talawarana, 201.
Tambora, 17, 263, 266, 268, 269, 559.
Tamessen (A), 195.
Tamparan (radja), 294.
Tampora, 224, 226, 238.
’    (rivier), 169.
Tanara, 58, 60, 81, 111, 148, 209, 282,
2853, 574.
Taudjoeng-prioek, 5.
