416                REGISTER VAN PERSONEN- EN PLAATS-NAMEN.

Chavi (M. de), 370.                   Cleyer (A), 141.

Cheribon, 20, 44, 45, 60, 61, 76, 99,  Cnol (P), 80, 249, 557.
123, 124, 142, 145, 155, 167, 169, ' Goolman (J.), 570.
170, 195, 196, 199, 214, 215, 250,
231, 242, 254, 256, 267, 285, 285,
306, 519, 521, 552, 534, 547, 548,
3552, 579, 585, 593, 595, 409, 411.

China, 50, 69, 72, 78, 86, 88, 90, 94,
96, 97, 102, 555, 599, 401.

Chinchioe, 17, 255.                 Coulster (L. van), 168, 172.

Chinezen, 3, 16, 18, 50, 53, 86, 101, Couper, 29.

192, 195, 229, 275, 289, 515, 544, Coyet (F), 5, 6, 7, 15.

Cops (J.), 27, 96, 156, 161, 177, 517,
3527, 564, 584.
Cos (S.), 112, 114, 566.
Costa (B. da), 245.
’  (J. de), 5052.
Coster (R. H.), 84, 85.

586, 592, 400, 405.               Croon (C.), 114, 201.
Christoffels (L.), 83.                  Culenburgh (H.), 182.
Claesz (M.), 82.                 Curre (M.), 162.

DD.

'

Daelen (P. van), 84. 125, 145, 157, 171, 197, 216, 252.
Dam (J. van), 17, 29, 3157, 4244, . 244, 257, 270, 286, 308, 522, 335,

41, 75, 78, 79, 121, 156, 141, 155,   549, 582, 596.

158, 205, 220, 225, 229, 257, 525, 550.  Dipa Nagara (pangeran), 181, 182, 185.

Danser (S. den), 205.                 Dipang. 165.
Daringo, 122, 124, 505, 320, 521, 594,  Djambi, 2, 4, 15, 16, 52, 53, 60, 70, 75,

Datis (J.), 71.                       163, 164, 180, 182185, 205, 207
Deenen, 107, 397, 403, 407.            210, 224, 256, 248, 250, 255, 4,
Deka, 359, 135, 160.                  262, 267, 272, 275, 278, 281, 290,
Delft, 1012, 167, 212, 220, 226, 228,    292295, 305, 507, 315, 317, 329,
598, 407.                      369, 375578, 592, 594, 406, 409.
Deli, 227, 405.                     Djedoeng, 320.
Demak, 21, 28, 44, 45, 55, 60, 61, 68,  Djilolo, 111.
74, 76, 98, 105, 122, 124, 142, 144,  Djipan, 28, 43.
151, 154, 156, 169, 170, 194, 196,  Djoeana, 21. 27, 28, 4h, 46, 49, 68, 60,
302, 206, 208, 211, 214, 215, 251,   61, 74, 75, 97, 99, 122, 142144, 154,
242, 249, 250, 256, 268, 283, 285,   156, 169, 170, 194, 196, 211, 215,
292, 506, 508, 320, 321, 3350, 551,   215, 243, 250, 256, 267, 269, 283.
334, 346, 348, 574, 519, 381, 593, 285, 3506, 308, 319, 3522, 352, 534,
395, 409, 411.  346, 349, 374, 378, 381, 394, 595,
Denys, 112.   405, 410, 411.
Diamant (punt de), 48.              Djohor, 12, 44, 46, 56, 74, 106, 120,
Diemen (A. van), 295, 399. 183, 205, 208210, 213, 254, 267,
Diestpoort te Batavia, 14, 46,62, 76, 100, 275, 281, 292, 577, 409.

595.   89, 99, 106108, 120, 136, 148, 151,

Original from

Digitized by Google                               PENN STATE
