REGISTER VAN PERSONEN- EN PLAATS-NAMEN.

ef
to
ol

OO.

Ockerman (M.), 82, 147.

Ockersz (O.), 3, 4, 8, 15, 29, 30, 39
55, 57, 42, 47, 49, 5O, 64, 67, 69, 71,
86, 87, 89, 118, 129, 150, 135, 157,
146 148, 151, 155, 154, 159, 162,
166, 181, 198, 199, 205, 212, 225,
224, 255, 257, 245, 248, 251, 258,
262, 265, 276, 282, 288, 290, 291,
297, 509512, 514, 525, 326, 350,
ssl, 541, 546, 551, 552, 557, 588,
405, 406, 407.

Oedjoeng Pandan, 272.

Oelakan, 175, 176.

Oeti, 115.

Oliviera Silliviera (A. de), 264.

Oliviersen (C.), 61.

Olys (W.), 84.

Ontong-Djawa, 16. 5355,
255, 279, 285, 520, 552.

Onrust, 23, 29, 167, 181, 258.

Orang Zeib, 118, 135, 555.

Oranje (kasteel), 111, 114.

Oriksa, 72.

Oudo-Goudon, 541.     ’

Overtwater (P. A), 100, 149, 191, 204,
207, 350.

155, 242,

P-

Padak, 552.

Padang, 12, 44, 75, 124, 126128, 175
176, 189, 250, 240, 242, 255, 267,
297, 500, 504, 404, 405.

Padjangan-kongen, 143.

Padrosky (H.), 90.

Pahang, 213, 256, 3548.

Painan, 404.

Palaka (radja), 116, 175,
260, 518, 519.

Palembang, 25, 7, 12,
51, 44, 45, bb, 56,
106-108, 120, 124,
155, 163, 164, 1853,
213, 250, 241, 248,
263, 266, 269, 275,
506, -307, 515, 314,
354, 348, 351, 3571,
3587, 596, 406, 409.

Paliakate, 56, 58, 67, 71, 129, 172, 182,
252, 271, 295, 504, 559, 340, 3453,
386 588.

Palikol, 72.

Palindanong, 285.

Palingalo (krang), 149.

178, 181, 259,
15, 19, 20, 30,
60, 61, 68, 75,
136, 143, 151,
184, 194, 210,
254, 256, 258,
283, 285, 299,
321, 328, 331,
580, 381, 384,

Digitized by Google

Pamalang, 59, 60, 66, 74, 75, 77, 98,
  99, 123, 124, 145, 155, 156, 169,
 214, 251, 319, 347, 380, 594, 596,

411.

 Pamanoekan, 12, 13, 20, 44, 4b, 66, 61,
74, 75, 98, 99, 123, 124, 142, 155,
156, 170, 195, 196, 214, 215, 251,
242, 2bb, 256, 268, 284, 505, 507,
319, 321, 351, 355, 347, 348, 379,
581, 593, 595, 409, 411.

Panakoke (fort), 116, 272.

 Panaroekan, 168.

 Pantsiana (eiland), 260.

Papoea's, 112114.

Parel (punt de), 355.

Pasir, 135, 196, 243, 273, 547, 595.

Pasoeroean, 74, 124, 156, 169, 284.

Patani, 5, 44, 92, 138, 256, 410.

Patete (krang), 371.

Patna, 101.

Pau, 126, 127, 173, 174, 176.

Pauw (P.), 206, 212, 220, 255, 240, 241,

258, 271, 309, 310, 327, 351, 357,
358, 598, 405.
Pauwen-eiland, 405.

j

Original from
PENN STATE
