Digitized by Google

Original from
PENN STATE

REGISTER VAN PERSONEN- EN PLAATS-NAMEN.                419
Indragiri, 9, 10, 52b4, 60, 87, 90. 1  256, 267, 269, 285, 285, 506, 507,
106, 107, 120, 121, 144, 205, 204,    519, 521, 551, 534, 546, 548, 579,
245 247, 249, 505, 524, 525, 584.    3581, 595,, 595, 410.
-majoe, 12, 15, 20, 44, 45, 60,  Indrapoera, 126, 128, 175-176, 240,
61, 74, 7b, 87, 98, 99, 123, 124,    404.
142, 144, 155, 156, 169, 170, 195,  Iperen (T. van), 126 128, 158.
198, 214, 215, 250, 251, 245, 255,  Ispahan, 166.
J
Jafnapatnam, 56, 157, 158, 252, 515,   211, 215, 215, 224, 229, 251, 257,
586.                               258, 247, 249, 250, 254, 256, W1
Jakatra, 282, 286.               265, 267, 269, 271, 272, 275, 276,
.  (schans), 14, 46, 62, 76, 100,   282, 285, 289, 291, 297, 504, 505,
125, 145, 157, 171, 197, 216, 252, 244,    507, 517, 318, 520, 521, 550, 552,
257, 270, 508, 522, 55b, 549, 382, 596.    5354, 306-558, 541, 545. 547, 548,
Jansz (P.), 4, 81, 85, 288.              550, 556, 365, 564, 371, 575 -575,
Japan. 18, 19, 23, 24, 50;51, 55, bb, 57,   578, 581, 584, 588, 592, 595, 402,
58, 67, 68, 70, 72, 78, 88, 90, 95,    407, 409.
107, 108, 195, 200. 225, 227, 250, Java, 5.
236, 261, 262, 265, 266, 272, 274, -nen, 5, 14, U, 29, 35, 42, 45, 47,
276, 278, 280, 510, 514, 391, 592,       50, 55, 62, 64, 66, 77, 86,
399, 400.         197, 216, 217, 252, 259, 244,
Japara, 2, 7, 15, 15, 17, 18, 21, 22,        257, 270, 286, 290, 502, 505,
27, 29, 37, 58, 45-45. 48, 49, bl,        508, 516, 522, 550, 541, 549,
bb, 58, 60, 61, 66, 68, 74, 77, 85,         552, 582, 587, 596, 400.
89, 94, 97, 105, 108, 118, 119, 122, (Bantamsche), 155.
124, 131, 132, 136138, 140, 142,  Jolo, 95.
143, 149154, 156, 161, 164, 165, Jonge (T. de), 82, 85.
168, 170, 172, 176178, 186, 187, Jongh (M. de), 158, 527, 559, 566.
192, 195, 196, 199, 204, 208, 210, Jonker (kapitein), 5, 175, 178.
EK.
Kaaimans-gracht te Batavia, 280.         Kaboang, 124.
Kaap de Goede Hoop, 7, 11, 12, 56, 65 j Kabon, 21.
66, 70, 71, 90, 91, 96, 107, 159,  Kailpatnam, 526.
161, 162, 187, 198, 204, 206, 207,  Kai-tsoe, 25, 52, 5O, 224.
212, 215, 224226, 229, 256, 253, Kalamata, 110, 114, 115,
265, 266, 273, 274, 276, 280, 282,  Kali-anjar, 15, 74, 98, 99, 125, 142,
288, 317, 324526, 550, 345, 346,     144, 154, 169, 171, 194, 196, 214
556.                               242, 256, 516, 552, 547, 504, 59.
Kabeso, 111.                       -gawe, 520.
