               REGISTER VAN PERSONEN- EN PLAATS-NAMEN.

 Vincent (eiland), 273, 3546.

Siria Mara Wangsa, 305, 504.

Six (D.), 67, 95, 540, 592.

 (J.), 17, 48, 49, 57, 64, 65, 70
72, 78, 86, 87, 207.

Sjergie, 105.

Sloot (T.), 4, 121.

Smith (E.), 275.
 (P), 172.

Snoeck (G.), 227, 255, 256, 259, 245, 557.

Soekadana, 140, 506, 554.

Soe-ko, 47, 49, 81.

Soela-eilanden, 5, 57, 86, 110, 111.

Soeleman, 115.

Soemana (krang), 151, 172, 180.

Soembar, 20, 142, 154, 166, 170, 194,
215, 251, 268, 269, 2835, 319, 522,
532, 347, 379, 595, 411.

Soembawa, 196.

Soemenep, 267, 285, 520, 533, 580.

Soemoer, 123, 144, 194, 68.

Soerabaija, 21, 5052, 74, 87, 98, 125,
142, 144, 154, 169, 170, 194, 196,
214, 216, 231, 2435, 256, 268, 269,
285, 305, 507, 320, 321, 353, 534,
347, 3579, 394, 3595, 410, 411.

Soerate, 43, 56, 59, 103, 105, 107, 109,
130, 152, 155, 137, 140, 141, 147
149, 166, 168, 178, 179, 289, 292,
3502, 327, 53423544, 3558, 370.

Soeria Nata, 66.

 Negara (kiai demang), 181, 182,
185, 291, 292, 369, 375 378.

Soesan, 208.

Soesoehoenan, 5, 27, 28, 49, 65, 58, 85,
119, 132, 153, 152, 165, 166, 186, 190,
199, 202, 11, 212, 224, 248250,
262, 271, 275277, 289, 290, 297,
3517, 318, 350, 356, 337, 341, 556,
364, 371574, 3583.

Soeta Mala, 52, 53.

Soewai, 115.

Solmians (kodja), 179.

Digitized by Google

Solok, 299.

Solor, 130, 162, 196, 264, 364, 368, 580,

581, 400, 411.

Solorezen, 569.

Sonneman (J.), 249.

Sontar (rivier), 255.

Soolmans (1), 17, 75, 80, 81, 544.

Soury (P.), 295.

Speelman (C.), 158, 179, 181, 186, 191,
192, 307, 211, 212, 238, 248, 26 1,258 -
261, 265, 272, 315, 518, 327, 337, 559,
3541, 559, 3564-567, 371, 3835, 584.

Springer (H.), 102, 105, 106, 107, 120,
156, 1357, 150, 152.

Steenhoff (B.), 30, 32, 63, 83, 235.

Sterckenburg (J. van), 6, 68, 204.

Stevens, 130.

Straat Lombok, 265.

 Saleier, 260.
 Soenda, 6, 10, 11, 16, 18, 23,
2952, 34-37, 6365, 67, 70, 87,
89, 90, 9496, 103, 106, 107, 118,
159, 160, 206, 226, 2357, 262, 265,
265, 278, 279, 281, 302, 509, J17,
523, 526, 550, 345, 351.

Straeten (D. van der), 7, 15, 17, 18,
2729, 358, 43, 48, 61, 55, 58, 68,

77,85, 94, 105, 108, 119, 120, 131,

132, 156158, 140, 150154, 161,
164, 165, 167, 192.

Struys (A), 82, 853.

Styn (H.), 168.

Sumatra's Westkust, 8,
355, 36, 58, 97, 98,
150, 131, 135, 161, 175, 178, 180,
181, 185, 186, 206, 235, 227, 256,
240, 290, 294, 296, 500, 504, 509,
3528, 3529, 548, 551, 3556, 557, 365,
276, 578, 405, 405.

Swaerde (van den), 167.

Swart (C.), 544.

19, 22, 29, 30,
106, 126, 128,

 (HH), 206.
Syms, 207.
Original from
PENN STATE
