424                 REGISTER VAN PERSONEN- EN PLAATS-NAMEN.

Pavillioen (A), 58, 67, 182, 252, 271,  Pittavin (A.), 80.
295, 304, 3539, 3435, 386.            Poeloe Ai, 7.

Peirak, 1566. Aura, 203.

Pekalongan, 13, 20, 44, 61, 74, 98, 99, pandjang, 16.
123, 124, 138, 141, 142, 155, 156,    Rhoen, 129, 130, 163.
169, 170, 190, 195, 206, 214, 215.    Tjingko, 175, 176, 296.
254, 267, 269, 282, 285, 306, 320,  Poerbaia (pangeran), 262.

332, 534, 547, 579, 394, 409.        Poetih (negorij), 275.
Pekin, 4, 78, 241, 3599.               Point de Gale, 97, 109, 132, 137, 296,
Pemboeang, 2853.                       3506, 3519.
Peper-baai, 30, 5254, 49.            Pontang, 345, 552, 410.

Perzig, 19, 105, 109, 117, 133, 148, 149, Poolman (C.), 178180.
166, 168, 178, 179, 192, 219, 296,  Poolvoet (E.), 2, 15, 22, 68, 198, 200,
3527, 342, 343, 358360, 569, 586,    201, 390 391.

391.                               Pope (krang), 373.
Pietersz (B.), 517.                   Portier (G.), 3544.
, (E.), 131.                   Portugal, 264.
 (P), 117.                    -gezen, 53, 201, 297.
 (S.), 206.                  Priaman, 61, 124, 127, 128, 174 176,
Pigge (J.), 22, 126.                    189, 240, 299, 300, 404.
Pinongko, 374.                       Prinsen-eiland, 237.
Pipeli, 118, 515.                    Propheet (J.), 138, 153, 154, 161, 165,
Pit (L.), 17, 29, 48, 55, 79, 80, 150, 177, 311, 212, 247, 249, 263, 263,
162, 287.                271, 275, 276, 289, 291, 297, 317,
 de jonge, 84, 172,           330, 336, 338, 341, 345, 372, 374,

Pits (J. J.), 106, 107, 120, 131, 1653,   375, 384, 392, 409.
164, 181, 203, 220, 240, 296, 300, Punto das pedras, 56, 157, 261, 311, 515.
336, 351, 357, 372, 404.            Pylus, 375.

-

Quaelbergen (C. van), 187, 206, 213, 224,
256, 253, 288, 317, 345.
Quelang, 59, 72, 77, 400, 402,

Quelvaerts-eiland, 400.
Quinam, 20, 49, 50, 60, 70, 78, 87, 95,
97, 99, 255 255, 241, 248, 508.

RR.

Radja Karbo, 128.
 Singa, 89, 158, 168.
 Tengah, 130, 140, 146, 151.

Rangga di Menggala (kiai), 69.
Ranst (C.), 22, 221, 238, 249, 274, 392.
Rembang, 21, 28, 46, 74, 98, 123, 144,

Raksa Benggala 27, 119.              "157, 161, 165, 194, 198, 211, 242,
Ramboetan (rivier), 377.               243, 250, 267, 2835, 285, 306, 507,
Ramille (J.), 84.           311, 317, 320, 521, 331, 334, 346,

                                           Original from
Digitized by Google                               PENN STATE
