REGISTER VAN PERSONEN- EN PLAATS-NAMEN.

r.

Tagal, 135, 20, 44, 45, 60, 74, 75. 98,

99, 122, 142, 144, 155, 156, 169,

170, 194, 196, 214, 215, 245, 255,

256, 267, 269, 282, 302, 506, 508, 516,

3519, 522, 331, 554, 547, 548, 579,

581, 394, 395, 410.

Taioean, 5, 6, 15, 88, 234, 255.

Talang, 299.

Tamboka, 111.

Tanara, 19, 155, 146, 155, 242, 254,
267, 506, 319, 521, 552, 547, 594,
410.

Tanaseri, 141.

Tandoek, 521.

Lj

i
:

Tangerang, 230, 255, 267, 284, 506,

519, 410.

Tartaren, 241.

Tegenepatnam, 58, 172, 252, 271, 295.

Tello (krang), 85, 272, 279, 587.
 (radja), 272.

Tengah (radja), 122.

Terhorst (H.), 79, 80, 281.

Ternatanen, 111, 115, 115, 178.

Ternate, 5, 7, 17, 48, 89, 108, 110, 111,
1135116, 131, 146, 147, 153, 158,
161, 162, 167, 168, 177181, 186,
191, 192, 196, 207, 215, 257, 258,
327, 531, 3558, 3559, 564, 565, 367,
580, 381.

Terschelling, 266.

Tetal, 285.

Texel, 90, 224, 236, 265, 276. 280.

Teylingen (W. van), 78, 86, 344.

Theunisz (P.), 86, 105, 119, 120, 278,
279.

Thin (F.), 288.

Thomasz (.), 370.

Thooly (J.), 129.

Thyssen (J), 17, 22, 23, 29, 50, 118,
133, 136, 141, 193, 204, 338, 370.

Tibore, 274.

Digitized by Google

Tidore, 108, 110 115, 172, 181, 192,
359, 364, 565, 367.

Tidorezen, 115.

Tikoe, 128, 174176, 240, 404.

Timbalang, 151.

Timor, 2, 7, 15, 15, 43, 68, 109,
155, 154, 160, 162, 172, 216,
264, 273, 297, 528, 352, 580,

Ting-hai, 16.

Tjerita, 12, 347, 580, 410.

Tji-asem, 12, 13, 20, 44, 45, 60, 61, 74,
75, 98, 99, 123, 124, 128, 142, 145,
155, 156, 169, 170, 195, 196, 214,
215, 230, 231, 242, 255, 256, 267,
269, 283, 284, 506, 507, 519, 521,
531, 533, 346, 548, 578, 581, 593,
595, 409, 411.

Tjiringin, 52, 285,
410.

Tadoenang, 27, 74, 75, 98, 99, 125, 144,
154, 157, 169, 170, 194, 196, 214,
215, 254, 284, 307, 3521, 533, 379,
594, 396, 410, 411.

Toeban, 125, 142, 214, 215, 268, 380,
3581.

Toekang-besi (eiland), 274.

Toelasi, 115.

Toeradja, 275.

Toerato, 259.

Tompo (krang), 371.

Tongeren (R. J. van), 45.

Tonkin, 2, 2226, 44, 50, 5b, 57, 58,
65, 67, 76, 99, 102, 117, 124, 202,
221323, 253, 2358, 241, 249, 255,
274, 291, 505, 510, 321, 592, 399
402.

Torbaia, 98, 99, 155, 194, 267, 285, 520,
331, 347, 580, 410.

Tranquebar, 198.

Trials-rudsen, 65.

Tro (V.), 570.

150,
251,
11.

351, 547, 380, 394,

Original from
PENN STATE
