414

Babeti, 115.

Babtista (J.), 264.

Backer ((5.) 126, 127, 172.

Badong, 148, 207.          .

Baeck (B. W.), 154.

Baek (J. G.), 206.

Baers (C. J.), 236, 248.

Bajang, 297, 501, 404.

Balamboangan, 589.

Bali, 22, 97, 122, 159, 142, 147, 148,

154, 161, 169, 194, 207, 216, 251,
256, 265, 275, 284, 305 - 307, 520,
521, 3532, 547, 580, 589, 394.
 -nezen, 253.
Baly (J.), 45.
Banda, 6, 7, 15, 27, 37, 48, 96, 156, 148,
153, 156, 161, 162, 177, 178, 191,
192, 2357, 258, 249, 250, 517, 520,
527, 535, 346, 365, 364, 583, 384,
411.
 -nees kwartier te Batavia, 280.
 -nezen, 281.

Bandjar, 284, 306, 310, 579.

Bandjermasin, 8, 20, 21, 27, 28, 35, 44,
45, 48, 66, 67, 74, 75, 97, 122, 124,
141, 154, 157, 158, 160, 168, 170, 194,
196, 215, 215, 251, 242, 254, 267, 285,
285, 306, 507, 519, 521, 355, 554, 547,
548, 552, 379, 581, 589, 594, 395, 410,
411.

Bangaia, 21, 111, 115.

Banka, 74, 94, 151.

 (straat), 389, 407.

Bantam, 3, 4, 6, 8, 12, 13, 15, 16, 19, 20,
22, 25, 2937, 42, 4b, 47, 49, 5O,
55, 60, 64, 67, 6972, 7b, 86, 87,
89, 94, 95, 97, 98, 101, 105, 106,
107, 118, 122124, 129131, 1553,
137, 140, 141, 143, 144, 146148,
161, 163, 165, 156, 159, 162, 166,
169, 170, 180, 181, 195, 196, 198,

Digitized by Google

REGISTER VAN PERSONEN- EN PLAATS-NAMEN.

199, 204, 205, 208, 212, 214, 225
225, 229-251, 255, 257, 259, 242,
245, 247249, 251, 254, 256, 258,
262264, 266, 275, 275, 276, 278,
279, 281, 292, 288292, 297, 504,
505, 309512, 314516, 519, 522
526, 528, 530, 3551, 535, 534, 558,
541, 545-548, 551, 357, 578, 381,
385 588, 595, 395, 3597, 398, 405,
406, 407, 409.

Bantammers, 67.

Bantang, 320.

Baros, 404.

Basalore, 201.

Batang, 7b, 98, 142, 169, 171, 3594.
 -kapas, 299, 404.

Batikola, 137.

Batjan, 108, 110, 114, 115, 181, 192,
559, 364, 365, 367.

Beeck (D. van der), 599.

 (H.  ), 79.
Been (A. ), 81, 82, 84.
Beest (C.  ), 2, 73, 7981.

Bekasi, bb, 58, 160, 155.

Beling, 251.

Bellesoor, 118, 3528.

Bengalen, 6, 11, 56, 38,
101103, 106, 107,
154, 135, 159, 148,
178, 179, 205, 219,
291, 504, 509, 310,
524, 528 554, 564,
587.

Bengkalis, 12, 145, 185,
254, 294, 407.

Bentan, 215.

Bernardus (F.), 102, 558.

Bertrant (A), 51.

Bima, 21, 196, 245, 371.

Bimelepatnam, 72.

Bing-gm, 569.

59, 41, 45, 56,
117, 118, 121,
166, 168, 172,
226, 259, 252,
512, 313, 315,
570, 571, 586,

194, 213, 250,

Original from
PENN STATE
