REGISTER VAN PERSONEN- EN PLAATS-NAMEN.               421

Larantoeka, 285, 506, 319, 581.

Lasem, 28, 45, 68, 74, 122, 155, 169,
194, 211, 243, 269, 320, 321, 552,
547, 353, 367, 580, 381, 396, 410.

Lauatoe, 115.

Laurentius (A.), 84, 105.

Laut-poeloe, 3520.

Leenderts (L.), 219, 296, 502, 527.

Leenen (J. van), 121, 219, 509.

Leeuwen (P. van), 85, 288.

Leonardus, 146.

Ligor, 201.

Lingga, 208210, 577.
Lingkis (krang), 272.
Lisebata, 115.

Loeboe, 571.

Loenang, 173.

Lombok, 194, 231, 347, 581, 410.
Londen, 266, 279.
koof (J. B.), 402.

Loop (kaap de), 64.
Lucasse (.), 1632.

ML.

Macao, 229, 234, 308.

Madagascar, 159, 255.

Madoere, 157.

Madura, 46, 98, 122, 142, 150, 154, 157,
194, 215, 269, 306, 3519, 522, 553,
334, 347, 349, 379, 411.

Maerle (G. van), 15, 16.

Maetsuycker (W.), 75, 80, 287.

Magandana, 21.

Mahomed, 5.

Majoeta, 404.

Majodsche eilanden, 158, 159.

Makasar, 1617, 21, 37, 45, 48, 74, 85,
86, 89, 97, 108, 110, 115, 114, 116,
131, 141, 146, 149, 151, 152, 161,
162, 179, 173, 177, 179, 180, 187
189, 198, 206, 213, 215, 231, 2453,
245, 251, 259, 260, 263, 272274,
279, 289-293, 297, 315, 318, 519,
326, 327, 330, 331, 357341, 346,
550, 551, 358, 359, 36353565, 571,
375, 377, 381, 385389, 597, 402,
405.

Makasaren, 57, 42, 86, 114, 131, 177,
219, 91, 260, 261, 272274, 518,
585 3587.

Makian, 114,

Malabar, 11, 117, 515.

Malaka, 2, 5, 7,8, 12, 19, 42, 44, 51, 52,

Digitized by Google

b457, 59, 61, 67, 75, 99, 101, 105,
106-108, 120, 121, 124, 136, 140,
145, 155, 157, 160, 162, 165, 166,
172, 178-182, 185187, 189, 194,
200, 201, 203, 215, 220, 221, 227,
230, 2391, 243, 249, 254, 258,
266, 269, 276, 285, 294, 509, 512,
315, 317, 321, 324, 331, 334, 559,
3435, 348, 354, 367, 3558, 569571,
3716, 384, 386.

Maldiven, 239.

Maleiers, 86, 87, 107, 118, 128, 272, 279,
369, 387.

Maleioe, 114.

Malindanoe, 319.

Manabang, 15.

Mandana, 395.

Mandar, 272.
 Sjah, 17, 110, 177, 365.

Mandausse, 352.

Mandoera (pangeran), 101, 140, 141, 289,
292.

Mangadana, 15.

Manggarai, 168, 581.

Mangindanao, 97.

Mangkoeli (dang), 272.

Manikabers, 203, 245, 246.

Manila, 69, 60, 63, 76, 96, 124, 248,
253, 278, 285, 292, 305, 515.

Original from
PENN STATE
