420

Kaliwoengoe, 69, 72, 86, 105, 104, 119,
120, 124, 137, 180, 190, 195, 195,
206, 249, 261, 263, 278, 279, 2853,
290, 502, 306, 316, 347, 380, 594,
396, 411.

Kambodia, 5, 12, 20, 21, 57, 63, 65, 67,
216, 227, 248, 254, 280, 285, 3515,
315, 3592.

Kampar, 522.

Kangean, 3580.

Kanjang, 99.

Karang Sedoelang, 87.

Karnao, 355.

Karti Oetama (kiai ngabehi), 30, 31, 68.

Katoean, 44, 60.

Kelang. 18, 88, 90, 95, 153, 204, 251,
261, 295.              j

Kelck (C.), 102.

Kempen (J. van), 236, 237.

Kendal, 12, 60, 74, 123, 142, 154, 169.
230, 254, 394.

Kercker (S.), 22.

Ketelaar (A), 43, 344.

Keltingh (P.), 5, 63, 227, 248, 315,
599.

Keulen (W. van), 288.

Keysers (J.), 84, 253.

Ki-ko, 50.

Kitjil Kalamato, 272.

Kivith (J.), 77, 133.

Kleyer (A), 85.

Knibber (D.), 206.

Kock (P.), 82, 288.

Koedoes, 157, 169, 214, 215, 231, 305,
355, 349, 380, 392.

REGISTER VAN PERSONEN- EN PLAATS-NAMEN.

Koetsjin, 132, 141, 168, 263, 312, 3513,
544, 561, 5357.

Koksinga, 88, 234, 235.

Kolombo, 66, 58, 59,:'97, 105, 109, 137,
166, 201, 219, 252, 296, 502, 512, 591.

Kombello, 178.

Korea, 400.                h

Koromandel, 32, 35, 37, 42, 43, 47, 55
57, 65, 67, 71, 87, 88, 90, 118, 121,
122, 129, 150, 158, 166, 178, 180
182, 185, 186, 249, 251, 252, 265,
271, 280, 295, 304, 511313, 325,
559, 343, 564, 3551, 569, 370, 586
588.

Korre, 245.

Kota-tengah, 126, 127, 175 176, 240,
500, 404, 405.

Krakatau, 47, 5O, 106, 257, 250, 278, 341.

Kranganore, 137, 2653.

Krawang, 35, 12, 13, 20, 21, 27, 44, 45,

60, 61, 74, 75, 98, 99, 123,
124, 142, 144, 155, 156, 169,
170, 195, 196, 214, 215, 250,
251, 242, 254, 256, 267, 269,
282, 285, 306, 507, 319, 321,
331, 334, 341, 346, 348, 350,
362, 356, 379, 381, 393, 595,
599, 410, 411.
    (rivier van), 160.

Krokot (rivier), 14, 46, 62, 76, 100, 125,
145, 167, 171, 197, 216, 252, 244,
257, 270, 286, 508, 3522, 3356, 349,
382 396.

Krongrong (krang), 86, 180, 272, 373,
387.

Lu.

Laboean, 320, 352.

Laen (J. van der), 138, 3598.

Lairesse (H. de), 69, 109, 166, 168, 219.
296, 359, 560, 562.

Lamion, 94, 95, 101.

Digitized by Google

Lampong, 50, 275, 279.

Landak, 101.

Langanap, 506.

Lange (L. de), 84.
 (P. de), 172, 280, 345.

Original from
PENN STATE
