REGISTER VAN PERSONEN- EN PLAATS-NAMEN.

Indragiri, 9, 10, 5254, 60, 87, 90,
106, 107, 120, 121, 144, 205, 204,
245247, 249, 305, 524, 325, 584.
-majoe, 12, 15, 20, 44, 45, 60,
61, 74, 75, 87, 98, 99, 125, 124,
142, 144, 155, 156, 169, 170, 195,
196, 214, 215, 250, 251, 245, 255,

419

256, 267, 269, 285, 285, 506,
519, 521, 351, 3554, 546, 548,
3581, 595,, 595, 410.
Indrapoera, 126, 128,
404.
Iperen (T. van), 126128, 158.
Ispahan, 166.

507,
579,

1735 176, 240,

JJ

Jafnapatnam, 56, 157, 158, 252, 515,
586.

Jakatra, 282, 286.

(schans), 14, 46, 62, 76, 100,
125, 145, 157, 171, 197, 216, 252, 244,
257, 270, 508, 522, 5355, 549, 582, 596.

Jansz (P.), 4, 81, 85, 288.

Japan, 18, 19, 25, 24, 50, 51, 55, bb, 57,
58, 67, 68, 70, 72, 78, 88, 90, 95,
107, 108, 195, 200, 225, 227, 250,
235, 261, 262, 265, 266, 272, 274,
276, 278, 280, 510, 514, 391, 592,
599, 400.

Japara, 2, 7, 15, 15, 17, 18, 21, 22,
27, 29, 37, 38, 43--45. 48, 49; 51,
55, 58, 60, 61, 66, 68, 74, 77, 85,
89, 94, 97, 105, 108, 118, 119, 122,
124, 151, 1532, 1356158, 140, 142,
143, 149-154, 156, 161, 164, 165,
168, 170, 172, 176178, 186, 187,
192, 195, 196, 199, 204, 208, 210,

211, 215, 215, 224, 229, 251, 257,
258, 247, 249, 250, 254, 256, 261
265, 267, 269, 271, 272, 275, 276,
291, 297, 504, 505,
520, 521, 550, 552,
3541, 545, 547, 548,
564, 571, 575575,
588, 592, 595, 402,

Java, 5.

 -nen, 35, 14, 21, 29, 55, 42, 45, 47,
50, 53, 62, 64, 66, 77, 86,
197, 216, 217, 232, 259, 244,
257, 270, 286, 290, 502, 505,
508, 516, 522, 555, 541, 549,
552, 582, 387, 596, 400.
(Bantamsche), 155.

Jolo, 95.

Jonge (T. de), 82, 85.

Jongh (M. de), 158, 527, 569, 566.
Jonker (kapitein), 65, 175, 178.

KE.

Kaaimans-gracht te Batavia, 280.

Kaap de Goede Hoop, 7, 11, 12, 56, 65
66, 70, 71, 90, 91, 96, 107, 159, j:
161, 162, 187, 198, 204, 206, 207,
212, 213, 224-226, 229, 256, 253,
265, 266, 273, 274, 276, 280, 282,
288, 317, 324526, 550, 345, 3546,
556.

Kabeso, 111.

Google

Kaboang, 124. -

Kabon, 21.

Kailpatnam, 526.

Kai-tsoe, 23, 52, 50, 224.

Kalamata, 110, 114, 115,

Kali-anjar, 13, 74, 98, 99, 125, 142,
144, 154, 169, 171, 194, 196, 214,
242, 256, 516, 552, 347, 594, 595.

 -gawe, 520.
