REGISTER VAN PERSONEN- EN PLAATS-NAMEN.

Larantoeka, 285, 506, 3519, 3581.

Lasem,
194,
3547, 553, 557, 580, 581, 396, 410.

Lauatoe, 115.

Laurentius (A), 84, 105.

Laut-poeloe, 520.

Leenderts (L.), 219, 296, 502, 527.

Leenen (J. van), 121, 219, 509.

Leeuwen (P. van), 85, 288.

Leonardus, 146.

28, 45, 68, 74, 122, 155, 169,
211, 243, 269, 320, 321, 332,

Ligor, 201.

Lingga, 208210, 577.
Lingkis (krang), 272.
Lisebata, 115.

Loeboe, 571.

Loenang, 175.

Lombok, 194, 251, 547, 581, 410.
Londen, 266, 279.
Loof (J. B), 402.

Loop (kaap de), 64.
Lucasse (A.), 162.

MM.

Macao, 229, 254, 508.

Madagascar, 159, 255.

Madoere, 157.

Madura, 46, 98, 122, 142, 150, 154, 157,
194, 215, 269, 306, 519, 522, 552,
534, 347, 549, 579, 411.

Maerle (G. van), 15, 16.

Maetsuycker (W.), 75, 80, 287.

Magandana, 21.

Mahomed, 5.

Majoeta, 404.

Majodsche eilanden, 158, 159.

Makasar, 1517, 21, 37, 45, 48, 74, 85,
86, 89, 97, 108, 110, 115, 114, 116,
151, 141, 146, 149, 151, 152, 161,
162, 172, 173, 177, 179, 180, 187
189, 198, 206, 215, 215, 231, 2453,
245, 251, 259, 260, 263, 272274,
279, 289292, 297, 515, 518, 319,
326, 3527, 330, 531, 357 541, 546,
550, 551, 558, 559, 365565, 3571,
575, 3577, 581, 585589, 597, 402,
405.

Makasaren, 57, 42, 86, 114, 151, 177,
212, 251, 260, 261, 272274, 318,
585587.

Makian, 114.

Malabar, 11, 117, 35153.

Malaka, 2, 5, 7,8, 12, 19, 42, 44, 51, 52,

Google

5457, 59, 61, 67, 75, 99, 101, 105,
106108, 120, 121, 124, 156, 140,
145, 155, 157, 160, 162, 165, 166,
172, 178-182, 185187, 189, 194,
200, 201, 205, 215, 220, 221, 227,
2350, 259241, 245, 249, 254, 258,
266, 269, 276, 285, 294, 509, 512,
515, 3517, 521, 524, 351, 534, 559,
3545, 3548, 354, 357, 558, 5693571,
3576, 584, 3586.

Maldiven, 239.

Maleiers, 86, 87, 107, 118, 128, 272, 279,
569, 587.

Maleioe, 114.

Malindanoe, 3519.

Manabang, 15.

Mandana, 395.

Mandar, 272.
 Sjah, 17, 110, 177, 365.

Mandausse, 352.

Mandoera (pangeran), 101, 140, 141, 289,
292.

Mangadana, 15.

Manggarai, 168, 581.

Mangindanao, 97.

Mangkoeli (dang), 272.

Manikabers, 205, 245, 246.

Manila, 59, 60, 65, 76, 96, 124, 248,
255, 278, 285, 292, 305, 515.

Ld

.
