420

Kaliwoengoe, 69, 72, 86, 105, 104, 119,
120, 124, 157, 180, 190, 195, 195,
206, 249, 261, 2635, 278, 279, 285,
290, 3502, 3506, 516, 547, 580, 594,
3596, 411.

Kambodia, 5,
216, 227,
315, 592.

Kampar, 522.

Kangean, 3580.

Kanjang, 99.

Karang Sedoelang, 87.

Karnao, 3555.

Karti Oetama (kiai ngabehi), 50, 51, 68.

Katoean, 44, 60.

Kelang. 18, 88, 90, 95, 155, 204, 251,
261, 295.

Kelck (C.), 102.

Kempen (J. van), 236, 257.

Kendal, 12, 60, 74, 123, 142, 154, 169.
2350, 254, 594.

Kercker (S.), 22.

Ketelaar (A), 43, 344.

Kettingh (P.), 5,63, 227, 248, 3515,
592.

Keulen (W. van), 288.

Keysers (J.), 84, 255.

Ki-ko, 50.

Kitjil Kalamato, 272.

Kivith (J.), 77, 135.

Kleyer (A.), 83.

Knibber (D.), 206.

Kock (P.), 82, 288.

Koedoes,
35355, 549, 580, 592.

12, 20, 21, 57, 65, 65, 67,
248, 254, 280, 285, 515,

157, 169, 214, 215, 251, 305,

REGISTER VAN PERSONEN- EN PLAATS-NAMEN.

Koetsjin, 152, 141, 168, 263, 512, 515,
544, 3551, 557.

Koksinga, 88, 234, 255.

Kolombo, 56, 58, 59, 97, 105, 109, 157,
166, 201, 219, 252, 296, 502, 312, 591.

Kombello, 178.

Korea, 400.

Koromandel, 32, 35, 37, 42, 45, 47, 55
57, 65, 67, 71, 87, 88, 90, 118, 121,
122, 129, 150, 158, 166, 178, 180
182, 185, 186, 249, 251, 252, 265,
271, 280, 295, 504, 311515, 525,
559, 343, 554, 5b7, 569, 570, 586
588.

Korre, 245.

Kota-tengah, 126, 127, 175176, 240,
500, 404, 405.

Krakatau, 47, 50, 106, 257, 250, 278, 541.

Kranganore, 137, 265.

Krawang, 3, 12, 13, 20, 21, 27, 44, 45,

60, 61, 74, 75, 98, 99, 125,
124, 142, 144, 155, 156, 169,
170, 195, 196, 214, 215, 250,
2351, 242, 254, 256, 267, 269,
282, 285, 306, 507, 519, 521,
531, 554, 341, 346, 3548, 350,
352, 356, 579, 381, 593, 395,
599, 410, 411.
    (rivier van), 150.

Krokot (rivier), 14, 46, 62, 76, 100, 125,
145, 157, 171, 197, 216, 2352, 244,
257, 270, 286, 508, 322, 555, 3549,
582 596.

Krongrong (krang), 86, 180, 272, 275,
587.

Tu.

Laboean, 320, 3352.

Laen (J. van der), 158, 598.

Lairesse (H. de), 59, 109, 166, 168, 219
296, 359, 560, 562.

Lamion, 94, 95, 101.

Google

Lampong, 50, 275, 279.
Landak, 101.
Langanap, 506.
Lange (L. de), 84.
 (P. de), 172, 280, 543.
