REGISTER VAN PERSONEN- EN PLAATS-NAMEN.

427

EE.

Tagal, 15, 20, 44, 45, 60, 74, 75, 98,

99, 122, 142, 144, 155, 156, 169,
170, 194, 196, 214, 215, 245, 255,

256, 267, 269, 282, 502, 506, 508, 516,
519, 3522, 531, 554, 547, 548, 579,
581, 594, 595, 410.

Taioean, 5, 6, 15, 88, 254, 255.

Talang, 299.

Tamboka, 111.

Tanara, 19, 155, 146, 155, 2

2
267, 506, 3519, 521, 552, 547, 594,

410.

Tanaseri, 141.

Tandoek, 521.

Tangerang, 250, 255, 267, 284, :
519, 410.

Tartaren, 241.

Tegenepatnam, 58, 172, 252, 271, 295.

Tello (krang), 85, 272, 279, 597.
 (radja), 272.

Tengah (radja), 122.

Terhorst (H.), 79, 80, 281.

Ternatanen, 111, 1153, 115, 178.

Ternate, 35, 7, 17, 48, 89, 108, 110, 111,

115116, 131, 146, 147, 155, 158,
161, 162, 167, 168, 177181, 186,
191, 192, 196, 207, 215, 257, 258,
527, 551, 558, 3559, 564, 565, 367,
580, 581.

Terschelling, 266.

Tetal, 285.

Texel, 90, 224, 236, 265, 276, 280.
Teylingen (W. van), 78, 86, 544.

Theunisz (P.), 86, 105, 119, 120, 278,

279.
Thin (F.), 288.
Thomasz (A.), 370.
Thooly (J.), 129.
Thyssen (J), 17, 22, 25, 29, 350, 118,
155, 136, 141, 1953, 204, 3558, 370.
Tibore, 274.

Google

 Tidore,

( Tjiringin, 52, 285,

108, 110115, 172, 181, 192,
559, 564, 565, 567.

 Tidorezen, 115.
 Tikoe, 128, 174176, 240, 404.

Timbalang, 151.

Timor, 2, 7, 15, 15, 42, 68, 109, 150,
155, 154, 160, 162, 172, 216, 251,
264, 275, 297, 528, 352, 580, 411.

 Ting-hai, 16.

Tjerita, 12, 347, 580, 410.

Tji-asem, 12, 15, 20, 44, 45, 60,61, 74,
75, 98, 99, 123, 124, 128, 142, 145,
155, 156, 169, 170, 195, 196, 214,
215, 250, 231, 242, 255, 256, 267,
269, 285, 284, 506, 507, 519, 321,
55, 533, 546, 5   578, 581, 595,
595, 409, 411.

547, 380, 594,
410.

Tadoenang, 27, 74, 75, 98, 99, 125, 144,
154, 157, 169, f70, 194, 196, 214,
215, 254, 284, 307, 321, 532, 379,
594, 596, 410, 411.            :

Toeban, 125, 142, 214, 215, 268, 580,
581.

Toekang-besi (eiland), 274.

Toelasi, 115.

Toeradja, 275.

Toerato, 259.

Tompo (krang), 371.

 Tongeren (R. J. van), 45.

Tonkin, 2, 2226, 44, 50, bb, 57, 58,
65, 67, 76, 99, 102, 117, 124, 202,
221223, 253, 238, 241, 249, 255,
274, 291, 505, 510, 521, 592, 599
402.

Torbaia, 98, 99, 155, 194, 267, 285, 520,
351, 547, 580, 410.

Tranquehar, 198.

Trials-rudsen, 65.

Tro (V.), 570.
