266

Djaja Troena (Kiai), 155.

Djambi, 7, 15, 17, 56, 59, 41, 44, 50, 52,
5, 65, 72, 85, 94, 98, 99, 102,
105, 121124, 127, 152155,
158, 141, 157, 164, 166, 168170,
182, 185, 194, 198, 207, 208,
214, 216, 217, 225225, 227,
252, 255, 257, 258, 240, 242,
248, 258.

 (rivier), 46.

REGISTER VAN PERSONEN- EN PLAATS-NAMEN.

Djoeana, 79, 140, 144, 190, 196, 208,
226, 250.

Djohor, 18, 28, 39, 46, 59, 85, 217.

Doeta Tjitra (Radja), 105.

Doman (tolk), 146, 162, 202.

Donck (F. H.), 145.

Doublet (G.), 127, 142,

Duifjes-eiland, 42.

Duizend-eilanden, 212.

EE

Edwards (J.), 6, 8, 11, 15, 17, 18, 24, 42,
45, 5255, 170, 171, 175, 182, 185,
185, 187, 188, 191, 197199, 206,
207, 216, 217, 2235225, 229, 946,
248, 249, 255, 258.

Elmers (P.), 13, 118,

Engeland, 10, 11, 16, 24, 42, 50, 5255,
64, 99, 165, 167, 172, 184, 199, 214,
224, 246, 248, 249, 255, 256, 258.

Engelschen, 5, 7, 8, 15, 24, 42, 65, 72,
106, 1352, 155, 157, 158, 140, 141,
144, 151, 154, 165, 167, 170, 175, 176,
188, 197, 214, 216, 217, 225225,
235, 255, 257, 258.

Enten (J.), 256.

Europa, 128, 162.

Eva (tolkin), 27, 145, 162, 256, 257.

Ee

Faber (C.), 108, 118.
Ferdinando (M.), 37.
Ferment (G.), 118.
 (J.), 18, 20, 65, 77, 85, 112, 151,
170, 185, 205, 216, 220, 255, 260.

Fitchet (M.), 51.

Foekir, 229.

Formosa, 115, 119-121, 145, 258.
Frankrijk, 10.

Frisius (A), 118, 180, 254.

Gr.

Gale, 129.

Gelria (punt), 164.

Gerrits (P.), 257, 258.

Gerstencoorn (J. H.), 225.

Gifford (W.), 54.

Gilde (A. de), 246.

Glaeser (M.), 144.

Goa, 69, 75, 86, 125, 125, 127, 128,
155, 155, 142, 149, 151, 159, 186,
199, 200, 251.

Digitized by GO   gle

Godard (J.), 241.

Goens (R. van), 14, 45, 55, 56, 59, 86,
128, 129, 154, 177, 215, 252, 240,
246.

Goeree, 114, 200.

Goes (A. van der), 200.

Goeti (Chinees), 185.

Golconda, 150.

Gorachouquas, 201.

Goram, 120.

Original from
UNIVERSITY OF WISCONSIN
