416

Chavi (M. de), 570.
Cheribon, 20, 44,
1235, 124, 142,
170, 195, 196,
251, 242, 254,

45, 60, 61, 76, 99,

145, 155, 157, 169,

199, 214, 215, 250,

256, 267, 2835, 285,
506, 3519, 521, 3552, 554, 547, 548,
352, 579, 385, 395, 595, 409, 411.

China, 50, 69, 72, 78, 86, 88, 90, 94,
96, 97, 102, 555, 599, 401.

Chinchioe, 17, 255

Chinezen, 5, 16, 18, 50, 55, 86, 101,
192, 195, 229, 2735, 289, 515, 544,
386, 592, 400, 405.

Christoffels (L.), 85.

Claesz (M.), 82.

, Croon (C.), 114,
, Culenburgh (H.), 182.

REGISTER VAN PERSONEN- EN PLAATS-NAMEN.

 Cleyer (A), 141.

Cnol (P.), 80, 249, 537.
Coolman (J.), 570.
Cops (J.), 27, 96,
527, 564, 584.
Cos (S.), 112, 114,
Costa (B. da), 245.
 (J.de), 5052.
Coster (R. H.), 84, 85.
Coulster (L. van), 168, 172.
Couper, 29.
Coyet (F), 5, 6, 7, 15.
201.

156, 161, 177, 517,

566.

Curre (M.), 162.

DD.
Daelen (P. ats 84. 125, 145, 157, 171, 197, 216, 252.
Dam (J. van), 17, 29, 5157, 4244,   244, 257, 270, 286, 308, 522, 555,
47, 715, 78, 79, 121, 156, 141, 155,   549, 582, 596.

158, 205, 220, 225, 229, 257, 525, 550.
Danser (S. den), 205.
Daringo, 122, 124, 505, 520,

595.

Datis (J.), 71.

Deenen, 107, 597, 405, 407.
Deka, 59, 135, 160.
Delft, 1012, 167,

598, 407.

Deli, 227, 405.
Demak, 21, 28, 44, 45,

74, 76, 98, 105, 122,

151, 154, 156, 169,

202,    208, 211,

242,    250, 256,

292,     508, 520,

534,    548, 574,

595, 409, 411.
Denys, 112.

Diamant (punt de), 48.
Diemen (A. van), 295, 599.
Diestpoort te Batavia, 14, 46, 62, 76, 100,

521, 594,

212, 220, 226, 228,

55, 60, 61, 68,
124, 142,
170, 194,
214, 215,

321, 550, 551,
579, 581, 595,

Google

268, 283, 285,

Dipa Nagara (pangeran), 181, 182, 185.

, Dipang. 165.
, Djambi, 2, 4, 15, 16, 52, 55, 60, 70, 75,

89, 99, 106108, 120, 156, 148, 151,
165, 164, 180, 182185, 205, 207
210, 224, 256, 248, 250, 255, 254,
262, 267, 272, 275, 278, 281, 290,
292 -295, 505, 507, 515, 517, 529,
569, 575578, 592, 594, 406, 409.

Djedoeng, 520.

Djilolo, 111.

 Djipan, 28, 45.
, Djoeana, 21.

27, 28, 44, 46, 49, 58, 60,
61, 74, 75, 97, 99, 122, 142144, 154,
156, 169, 170, 194, 196, 211, 215,
215, 245, 250, 256, 267, 269, 285.
285, 506, 508, 519, 522, 552, 554,
546, 549, 574, 578, 581, 594, 595,
405, 410, 411.

Djohor, 12, 44, 46, 56, 74,
185, 205, 208210, "215, 254,
2735, 281, 292, 577, 409.

 120,
267,
