REGISTER VAN PERSONEN- EN PLAATS-NAMEN.

.

Oekerman (M.), 82, 147.

Ockersz (O.), 5, 4, 8, 15, 29, 50, 52
55, 357, 49, 47, 49, 50, 64, 67, 69,71,
86, 87, 89, 118, 129, 150, 155, 157,
146-148, 151, 155, 154, 159, 162,
166, 181, 198, 199, 205, 212,
2234, 2355, 2357, 245, 248, 251,
262, 265, 276, 282, 288, 290,
297, 509512, 514, 525, 526,
551, 341, 3546, 551, 552, 557,
403, 406, 407.

Oedjoeng Pandan, 272.

Oelakan, 175, 176.

Oeti, 115.

Oliviera Silliviera (A. de), 264.

Oliviersen (C.), 51.

Olys (W.), 84.

Ontong-Djawa, 16. 55-55, 185,
255, 279, 285, 520, 552.

Onrust, 23, 29, 167, 181, 258.

Orang Zeib, 118, 155, 555.

Oranje (kasteel), 111, 114.

Oriksa, 72.

Oudo-Goudon, 541.

Overtwater (P. A), 100, 149, 191, 204,
207, 550.

242,

PF.

Padak, 552.

Padang, 12, 44, 75, 124, 126 128, 175
176, 189, 250, 240, 242, 255, 267,
297, 300, 504, 404, 405.

Padjangan-kongen, 145.

Padrosky (H.), 90.

Pahang, 213, 256, 348.

Painan, 404.

Palaka (radja), 116, 175,
260, 518, 519.

Palembang, 25, 7, 12,
51, 44, 45, bb, 56,
106-108, 120, 124,
155, 165, 164, 185,
215, 250, 241, 248,
263, 266, 269, 275, 285, 285, 292,
306, 307, 313, 314, 521, 528, 551,
554, 348, 551, 371, 580, 581, 584,
587, 3596, 406, 409.

Paliakate, 56, 58, 67, 71, 129, 172, 182,
252, 271, 295, 504, 559, 540, 545,
586588.

Palikol, 72.

Palindanong, 285.

Palingalo (krang), 149.

178, 181, 259,

15, 19, 20, 30,
60, 61, 68, 75,
136, 143, 151,
184, 194, 210,
254, 256, 258,

Google

Pamalang, 59, 60, 66, 74, 75, 77, 98,
99, 123, 124, 145, 155, 156, 169,
214, 231, 319, 547, 3580, 594, 596,
411.

Pamanoekan, 12, 153, 20,
74, 75, 98, 99, 125,
156, 170, 195, 196,
242, 255, 256, 268, 284, 505, 507,
519, 321, 551, 355, 547, 548, 579,
381, 393, 595, 409, 411.

44, 45, 60, 61,
124, 142, 155,
214, 215, 251,

Panakoke (fort), 116, 272.

Panaroekan, 168.
Pantsiana (eiland), 260.

 Papoea's, 112114.

Parel (punt de), 355.

Pasir, 13, 196, 243, 275, 547, 595.

Pasoeroean,,74, 124, 156, 169, 284.

Patani, 5, 44, 92, 158, 256, 410.

PateteJ(krang), 571.

Patna, 101.

Pau, 126, 127, 175, 174, 176.

Pauw (P.), 206, 212, 220, 255, 240, 241,
258, 271, 309, 310, 527, 551, 557,
558, 598, 405.

Pauwen-eiland, 405.
