424

Pavillioen (A.), 58, 67, 182, 252, 271,
295, 304, 359, 343, 586.

Peirak, 156.

Pekalongan, 15, 20, 44,
122, 124, 138, 141,
169, 170, 190, 195, 206, 214, 215.
254, 267, 269, 282, 285, 506, 520,
5352, 334, 347, 579, 594, 409.

Pekin, 4, 78, 241, 599.

Pemboeang, 283.

Peper-baai, 30, 3254, 49.

Perzi, 19, 105, 109, 117, 155, 148, 149,
166, 168, 178, 179, 192, 219, 296,
327, 342, 3545, 3558 5360, 569, 586,
391.

Pietersz (B.),

61, 74, 98, 99,
142, 155, 156,

3517.
1531.

 (S), 206.

Pigge (J.), 22, 126.

Pinongko, 274.

Pipeli, 118, 315.

Pit (L.), 17, 29, 48, 55, 79, 80, 150,

162, 287.

de jonge, 84, 172.

Pits (J. J.), 106, 107, 120, 151, 163,
164, 181, 205, 220, 240, 296, 500,
556, 551, 357, 572, 404.

   Ld

REGISTER VAN PERSONEN- EN PLAATS-NAMEN.

Pittavin (A.), 80.
Poeloe Ai, 7.
 Aura, 205.
 pandjang, 16.
 Rhoen, 129, 130, 162.
 Tjingko, 175, 176, 296.

Poerbaia (pangeran), 262.

Poetih (negorij), 275.

Point de Gale, 97, 109, 1352, 1357, 296,
506, 512.
Pontang, 545,

Poolman (C.), 178180.

Poolvoet (E.), 2, 15, 22, 68, 198, 200,
201, 590 591.

Pope (krang), 272.

Portier (C.), 544.

Portugal, 264.
 -gezen, 53, 201, 297.

Priaman, 61, 124, 127, 128, 174176,
189, 240, 299, 300, 404.

Prinsen-eiland, 237.

Propheet (J.), 158, 155, 154,
177, 211, 212, 247, 249,
271, 275, 276, 289, 291,
350, 3536, 558, 541, 545,
575, 584, 592, 402.

Punto das pedras, 56, 137, 251, 511, 315.

Pylus, 575.

352, 410.

161, 165,
262, 263,
297, 317,
372, 374,

-

Quaelbergen (C. van), 187, 206, 213, 224,
256, 255, 288, 3517, 545.
Quelang, 59, 72, 77, 400, 402,

Quelvaerts-eiland, 400.
Quinam, 20, 49, 50, 60, 70, 78, 87, 95,
97, 99, 255255, 241, 248, 508.

R-

Radja Karbo, 128.
 Singa, 89, 158, 168.
 Tengah, 130, 140, 146, 151.

Raksa Benggala 27, 119.

Ramboetan (rivier), 577.

Ramille (J.), 84.

Google

Rangga di Menggala (kiai), 69.

Ranst (C.), 22, 221, 258, 249, 274, 392.

Rembang, 21, 28, 46, 74, 98, 123, 144,
157, 161, 165, 194, 198, 211, 242,
245, 250, 267, 285, 285, 306, 507,
311, 3517, 320, 521, 351, 354, 346,
