426

St Vincent (eiland), 275, 546.

Siria Mara Wangsa, 505, 304.

Six (D.), 67, 95, 540, 592.

 (J.), 17, 48, 49, 57, 64, 65, 70
72, 78, 86, 87, 207.

Sjergie, 105.

Sloot (T.), 4, 121.

Smith (E.), 275.
 (P.), 172.

Snoeck (C.), 227, 255, 256, 239, 245, 537.

Soekadana, 140, 506, 554.

Soe-ko, 47, 49, 81.

Soela-eilanden, 5, 57, 86, 110, 111.

Soeleman, 115.

Soemana (krang), 151, 172, 180.

Soembar, 20, 142, 154, 156, 170,
215, 251, 268, 269, 285, 519, 5
552, 347, 379, 395, 411.

Soembawa, 196.

Soemenep, 267, 285, 520, 555, 580.

Soemoer, 125, 144, 194, 268.

Soerabaija, 21, 5052, 74, 87, 98,
143 144, 154, 169, 170, 194,

 214, 216, 231, 243, 256, 268,
285, 3505, 3507, 320, 521, 552,
3547, 579, 594, 395, 410, 411.

Soerate, 435, 56, 59, 1035, 105, 107, 109,
150, 152, 155, 137, 140, 141, 147
149, 166, 168, 178, 179, 289, 292,
302, 527, 542344, 558, 370.

Soeria Nata, 66.

 Negara (kiai demang), 181, 182,
185, 291, 292, 369, 575578.

Soesan, 208.

Soesoehoenan, 5, 27, 28, 49, 55, 58, 85,
119, 152, 153, 152, 165, 166, 186, 190,
199, 202, 211, 212, 224, 248250,
262, 271, 2752377, 289, 290, 297,
517, 3518, 550, 556, 537, 341, 556,
564, 371574, 585.

Soeta Mala, 52, 53.

Soewai, 115.

Solmians (kodja), 179.

125,
196,
269,
554,

Google

REGISTER VAN PERSONEN- EN PLAATS-NAMEN.

Solok, 299.

Solor, 130, 162, 196, 264, 564, 568, 580,
581, 400, 411.

Solorezen, 569.

Sonneman (J.), 249.

Sontar (rivier), 255.

Soolmans (I.), 17, 75, 80, 81, 544.

Soury (P.), 295.

Speelman (C.), 158, 179, 181, 186, 191,
192, 207, 211, 212, 258, 248, 251,258 -
261, 265, 272, 515, 518, 527, 557, 558,
541, 559, 564 567, 371, 583, 584.

Springer (H.), 102, 105, 106, 107, 120,
156, 157, 150, 152.

Steenhoff (B), 30, 52, 53, 85, 255.

Sterckenburg (J. van), 6, 68, 204.

Stevens, 150.

Straat Lombok, 265.

 Saleier, 260.

 Soenda, 6, 10, 11, 16, 18, 25,
2952, 54-57, 6565, 67, 70, 87,
89, 90, 9496, 105, 106, 107, 118,
159, 160, 206, 226, 257, 262, 265,
265, 278, 279, 281, 502, 509, 517,
523, 526, 550, 345, 351.

Straeten (D. van der), 7, 15, 17, 18,
2729, 58, 45, 48, 51, 55, 58, 68,
71, 85, 94, 105, 108, 119, 120, 131,
152, 136-158, 140, 150-154, 161,
164, 165, 167, 192.

Struys (A.), 82, 85.

 Styn (H.), 168.

Sumatra’s Westkust, 8,
55, 56, 58, 97, 98,
150, 151, 133, 151,
181, 185, 186, 206,
240, 290, 294, 296,
528, 329, 548, 551,
3576, 578, 403, 405.

Swaerde (van den), 167.

Swart (C.), 544.
 (H.), 206.

Syms, 207.

19, 22, 29, 30,
106, 126, 128,
175, 178, 180,
225, 227, 256,
3500, 504, 509,
556, 357, 565,
