414

REGISTER VAN PERSONEN- EN PLAATS-NAMEN.

B.

Babeti, 115.

Babtista (J.), 264.

Backer (l.), 126, 127, 172.

Badong, 148, 207.

Baeck (H. W.), 154.

Baek (J. G.), 206.         q

Baers (C. J.), 256, 248.

Bajang, 297, 501, 404.

Balamboangan, 589.

Bali, 22, 97, 122, 159, 142, 147, 148,

154, 161, 169, 194, 207, 216, 251,
256, 265, 275, 284, 505 - 307, 520,
521, 532, 547, 580, 589, 594.
 -nezen, 255.
Baly (J.), 45.
Banda, 6, 7, 15, 27, 57, 48, 96, 156, 148,
153, 156, 161, 162, 177, 178, 191,
192, 257, 258, 249, 250, 517, 520,
527, 553, 546, 565, 564, 585, 584,
411.
 -nees kwartier te Batavia, 280.
 -nezen, 281.

Bandjar, 284, 506, 510, 579.

Bandjermasin, 8, 20, 21, 27, 28, 35, 44,
4b, 48, 66, 67, 74, 75, 97, 122, 124,
141, 154, 157, 158, 160, 168, 170, 194,
196, 215, 215, 251, 242, 254, 267, 285,
285, 506, 507, 519, 521, 5353, 554, 347,
548, 552, 579, 581, 589, 594, 595, 410,
411.

Bangaia, 21, 111, 115.

Banka, 74, 94, 151.

 (straat), 589, 407.

Bantam, 3, 4, 6, 8, 12, 153, 15, 16, 19, 20,
22, 25, 29-57, 42, 45, 47, 49, 5O,
b5, 60, 64, 67, 6972, 75, 86, 87,
89, 94, 95, 97, 98, 101, 105, 106,
107, 118, 122124, 129151, 155,
157, 140, 141, 145, 144, 146 148,
161, 165, 155, 156, 159, 162, 166,
169, 170, 180, 181, 195, 196, 198,

Google

199, 204, 205, 208, 212, 214, 225

225, 229251, 235, 257, 259, 242.
245, 247249, 251, 254, 256, 258.
262264, 266, 273, 275, 276, 278,
279. 281, 202, 288-299, 297, 504,
305, 309 512. 514516, 519, 522

526, 528, 330, 531, 5335, 334, 558,
54l, 345548, 551, 557, 578, 581,
585388, 3593, 395, 397, 598, 405,

406, 407, 409.

Bantammers, 67.

Bantang, 520.

Baros, 404.

Basalore, 201.

Batang, 75, 98, 142, 169, 171, 394.
 -kapas, 299, 404.

Batikola, 157.

Batjan, 108, 110, 114, 115, 181, 192,
559, 564, 565, 367.

Beeck (D. van der), 599.
 (H.  ), 79.     ,

Been (. ), 81, 82, 84.

Beest (C.  ), 2, 75, 7981.

Bekasi, 55, 58, 150, 155.

Beling, 251.

Bellesoor, 118, 528.

Bengalen, 6, 11, 56, 58,
101105,     107, 117, 118, 121,
154, 155,     148, 166, 168, 172,
178, 179, 205, 219, 226, 259, 252,
291, 504,     510,    515, 315,
524, 528     564,    571, 586,
597.

Bengkalis, 12, 145, 185,
254, 294, 407.

Bentan, 215.

Bernardus (F.), 102, 558.

Bertrant (A), 51.

Bima, 21, 196, 243, 371.

Bimelepatnam, 72.

Bing-gam, 569.

59, 41, 45, 56,

215, 250,
