614

Hazia Mameth Reta, 555, 554, 556.

Hendriks (R.), 145.

Henricus (fort), 54, 272, 548.

Herat, 195.

Herbergen (F. van), 9.

Hertvelt (V.), 559.

Heussens, 542.

Heyman (L.), 547.

Heynen (B), 508.

Heyningen (R. van), 15,
256, 258, 509, 551,
559, 595, 594, 596,

Heyst (F. van), 470.

(M. van), 22, 25,
347, 559, 366, 595.

Hindostan, 450.

Hingeli, 157, 560.

Hitoe, 226, 287.

Hoekeri, 448.

Hoekgeest, 574.

Hoesin, 422, 555.

Hoesum (J. van), 229.

Hoeven (CG. van der), 209.

(J.       ), 559.

Hogenhoek (BE. van), 88, 90, 516, 518,
519, 584.

Hoksioe, 57, 65, 77, 86, 87, 89, 90,
99105, 217, 257, 251, 261, 265,
509, 515, 516, 518, 519,
584.

155, 140, 142,
555, 552, 558,
59

ll

                      55, 271274,

leren, 465.

Ilhi, 402.

Inaba Minosama, 579.

Inasiet, 561.

Indragiri, 8, 51, 55, 81, 94, 106, 119, 121,
170, 222, 251, 252, 264 -266, 268,
297, 508, 546, 547, 562, 565, 415,

445, 480, 481, 554, 556, 588
595.
e -majoe, 27, 28, 106, 107, 145, 222,

Google

582

REGISTER VAN PERSONEN- EN PLAATS-NAMEN.

Honimoa, 254, 235, 295, 589, 544.

Hoorn, 211, 259, 596, 587.

(punt), 578.

(P. van), 6,
247, 298,

151,
485.

Hoornbeek, 545, 544.

Hoortman (J.), 560.

Horst (H. ter), 218, 281.

Hottentotten, 214.

Hougly, 15, 16,-18, 155, 158 -145, 257,
278, 5535, 55, 554, 556, 557, 559,
560, 5935, 595597.

Houman (N.), 218.

Houwaert (M.), 556.

Hoybergh (P.), 442, 461.

Hugo (H.), 200, 520, 430.

Hulst (J.), 594.

Hunter (J.), 9, 21, 51, 192, 474,

Hurt (A), 255, 251, 256, 297, 594,

396, 408, 409, 466468, 475,

484.

(M.), 90, 113, 119, 251, 582, 498,
500,

Hustard (J.),
178180,
278, 509,
558, 588,
459, 446,

596

75, 7880,
542, 557,

109,
567,

235, 24, 171, 172, 175, 176,
182, 190, 204, 206, 256,
314, 527, 558, 555, 557,
409415, 416, 450 -454,
450, 572, 575, 575 -578,

28, 230, 255,

2       265, 284, 500,
548, 549, 471,

551, 552, 601,

Indrapoera, 46, 48, 125,
Indra Wangsa (Sri), 122.
 Indijk (D.), 3535, 507,
597.

(HJ), 50, 145, 149.
Inko-gemoek, 246.

Iperla, 554, 460.

550.

