REGISTER VAN PERSONEN- EN PLAATS-NAMEN

Balboelachan, 155, 160, 162, 487.
Bale (J.), 469, 470.
Balegate, 185, 448.

Bali, 29, 52, 124, 145, 255, 282, 298,
299, 501, 545, 544, 550, 559, 560,

471, 550.
 -nezen, 500,
Baltes (C.), 250.

507.

Banda, 5, 6, 7, 18 -21, 29, 116, 220,
296 -228, 251- 255, 241. 259,
275, 282, 284, 295, 505, 509,
560, 584, 587. 594, 596, 599
409, 445, 452, 457459, 461,
462, 464, 465 469, 470, 478.
479, 485. 488, 489, 492, 5O1,
515. 520, 552, b4l545, 545,
597.

 -nezen, 151, 209, 228, 2;
Bandar Chalifah, 72, 75, 125.

Bandjermasin, 28, 52, 56, 67, 108, 147,
219, 220, 222, 258, 242, 245, 247,
251, 255, 255, 256, 274, 281, 297,
501, 550, 3585, 594. 595, 408, 464,
466, 468, 469, 471, 475, 484, 550,

552, 602.
Bangarai, 270.
Banggai, 580, 581, 585.
Bangkok, 152, 155.
Bangpakoet, 57.
Banka, 255.
 (straat), 154, 258, 507.
Bankesni, 96.
Bantam, 6, 9, 18, 19, 21, 28, 55, 42, 49,

5155, bh, 56, 67, 70, 71, 74
16, 94, 95, 106, 111, 117, 121, 124,
125, 129, 151, 154, 155, 144146,
148, 158, 192, 199202, 207209,
217224, 228, 250, 251, 256, 258,
247, 251, 254, 256, 260, 265, 264,
274 276, 280, 284, 285, 297 -299,
501505, 506509, 550, 551, 545,
545 -547, 549, 550, 555, 558, 562,
566, 577, 585, 584, 586, 587, 596,

Digitized by GO   gle

607
445, 446, 462, 464, 465, 469, 470,
472, 478, 490, 497, 498, 500, 515,
D

520, 55l, 554, 556, 588, 601.
Bantammers, 260, 498.
Bapias (Radja A), 591.
Barain, 195, 512, 565.
Barangkasi, 298.

 Barbeket, 55, 120.

    (hoek van), 81, 82, 268, 270.
Bardes (eiland), 572, 447.
Barnepanelote, 455.
sarneveldt (fort), 598.
Baron (H.), 65, 66. 204, 507, 550.
Barra (d.). 221, 258, 240, 241, 245, 265,
458.
Barrevoet, 594.
Bartels, 518.
Basalare, 201, 565,
25525, 566,

Basin. 57    2    6

Basker (W.), 457.

Basrah, 117, 194, 195, 199, 201, 512
520. 551, 569571, 575, 397, 565.
564.

Bassu (D.), 540.

Basuin (D.), 514.

Batang, 75, 146.
nekapas, 48.

Batatjina, 292.

Batikalo, 520, 356, 576.

Batjan, 20, 286, 287.

Batoe-miang, 272.

Baukes (N.), 116, 567.

Bax, 552.

Beadjo’s, 467.

Beeker (R.), 254.

Bedocht (G.), 195, 525, :

Beeck (W. van der), 6.
 (D. van der). 2

Been (A. van der), 229.

Begeman (P.), 245.

Bekasi (rivier), 49, 56.

Bekum (A. van), 251.

Beliapal, 157.

Original from

UNIVERSITY OF WISCONSIN
