REGISTER VAN PERSONEN- EN PLAATS-NAMEN.

Oppynen (J. van), 9, 12, 56, G4, 92,
120, 264, 555.

Orange (kasteel), 2, 20, 285 -

Oranje (Prins van), 546.

Orang-sjah, 17, 522.

Orger (A), 250

Oriksa, 557, 412.

287, 292, 598

Padang, 48, 75, 125, 225, 255,
Padmanaba Bramine, alt
Page, 6, 51.

Painan, 45, 48, 565.

Pakalet (J. J.), 99

Palaka (radja). 7, 295.

Palakacheri, 178.

Paleakate, 110, 115, 118, 158, 152 155,
161, 162, 164, 166, 167, 170, 552,
554 559, 541, 542, 3576, 577, 416,
417, 456441, 444, 446, 451454,

456, 485, 487, 488, 511, 512, 567.
Palembang, 27, 52-55, 90-95, 106,
119, 128, 155, 154, 145, 217, 225,
258, 251255, 265, 299, 546, 562,
3565, 566, 582, 585, 445, 481, 498,
499, 550, 554, 588, 600.
Palikol, 155, 167,  169, 534, 535, 377,

441, 512, 515.

Paliport, 187, 554, 355.

Pamalang, 530, 601.

Pamanoekan, 28, 52, 146, 147, 222, 29
255, 255, 300, 502, 550, 472  , 55
552, 601, 602.

Panani, 172, 175, 425.

Panderatoerte, 185.

Pandjang Djiwa (raden), 595, 484.

Pangasana, 241, 568, 585, 465, 598.

Pantjana, 568, 579, 580, 581.

Pape (de), 542.

Papera (H.), 590.

Papoea, 287, 589, 590, 405, 544, 598.

Paroe, 172, 176, 355.

),
1,

Google

625

 Ormuz, 422,

2, 505.

 Oud-kail, 556.

Outhoorn (W. van), 551.

Overtwater (P. A), 5, 40, 79, 85,
111, 115, 145, 144, 237, 247,
284, 285, 555, 561, 567.

109,
282,

Paroea, 185, 187, 409.

Parve (J.), 488.

Pasaman, 75.

Pasdom-korle, 411.

Pasilian, 250, 260.

Pasir, 602.

Pasoeroean, 550.

Pasonting, 499.

Patagon, 448, 449.

Patan, 196.

Patani, 287, 502, 550, 591, 600.

Patila, 424.

Patna, 17,  157, 159, 14,
bb5557, 559, 595, 597.

257, 596,

Patoedjoe (radja), 7, 289, 294, 295, 351,
568,

Patoelabeek, 154, 157, 558, 454, 445,
511.

Paulusz (H.), 41, 560.

Pauw (P), 49, 280, 281.

Pavillioen, 538, 359, 578.

Payaert (A. T.), 148.

Pearle (H.), 505, 469, 470.

Pedel (W.), 8890, 102, 105, 518, 586.

Peesen, 182, 185,

Pehoe, 57, 58, 65, 515.

Pegu, 17, 39, 106, 107, 158, 155 158,
161, 165, 167, 169, 170, 276, 3540542,
377, 597, 458, 441, 442, hhh, 451, 455,
454, 456, 460, 461, 485, 486, 512, 522,

Peirak, 5456, 45, 81, 109, 110, 112,
118, 120, 266268, 270, 566, 414,
445, 480, 481.
