XXXVII       REGISTER VAN PERSONEN- EN PLAATSNAMEN.

Soolmans (1), 118, 119, 136, 180.
240, 254, 259, 714, 715.

Sorikam, 177.

Soro (Boemisoro), 245, 252, 253, 257.
258.

Sotiako, 270.

Souderwittel (Benjaan), 649.

Sourate, 38, 52, 67, 68, 271, 449, 459,
571, 576, 578 583, 593, 599, 613,
631, 632, 636, 645, 648 650, 685,
695, 697, 728, 743, 744, 746, 791.

Soury (J.), 20, 728.

Sousa (V. Ribeiro de), 541. 545, 563.
567, 571, 653, 659, 660, 771.

Souwa zie Sonbai(t).

Spanjaarden, 350, 354.

Spanje, 427, 428, 630, 729.

Speelman (C.), 1, 68, 16, 24, 29,

Steur (D.), 165.

Steutel (A. H.), 17.

Stevens (St.), 5290.

Steylman (J.), 274, 464, 567, 603. 643
663, 671, 672, 701, 721.

Stippert (P.), 91, 181.

Straat Banka, 23, 170, 505.

Straat Boeton, 364.

Straat Malakka, 40. 576, 579, 580.
582, 696, 743.

Straat Patientie (Patinti), 343.

Straat Soenda, 2, 15 18, 33, 225.
516, 534, 577, 578, 580, 630. 684.
696, 749, 766, 777, 783. 790, 798,
802.

Streek (de), 728.

Strijkersbergh(en) (A.), 496, 796.

Struys (.), 34, 714, 754.

125, 134, 135, 137, 139, 145, 148,   386, 410, 455, 542, 544, 550. 655

149, 154, 170, 171, 182, 191, 192, f Suali, 580, 648.

203, 216, 218 220, 231, 232, Sumatra, 532, 725, 743, 777.

237 240, 250, 255, 256, 259, 260. f Sumatra's Westkust, 37, 76, 113, 132

262, 264, 265, 321, 365, 366, 369.     332, 399, 403, 408, 417, 421, 436.

371 - 374, 385, 390, 304, 397, 403,     446, 507, 529, 560, 561 - 563, 640.

419, 430, 431, 436, 479, 480, 484,    651, 742. 802, 805, 808.

485, 489, 490, 493, 495, 512, 526,  Surcam, 133.

531, 550, 552, 583, 584, 590, 594,  Suringh (M. H.), 3.

596, 600, 609, 610, 612, 654, 659,  Suwagi zie Siwagi (Shivaii).

660, 669, 689, 693, 698, 709, 716,  Suyck (A.), 420, 444.

739 741, 769, 770, 806.          Swart (J.), 579.
Speelman (J.), 174, 809.                Sweetingh (Ch.), 380, 382, 386, 464
Spijkermaacker (S.), 60.                 466, 474, 496, 500 502, 522, 567.
Steen (J. J. van der), 5, 65.            603, 604, 643, 663, 671, 672, 700 -
Steenhouwersbrug, 157, 202.          702, 721. 725, 726, 732, 763, TAI
Stel (S. van der), 4, 49, 284, 443,   792, 796.

557, 634, 635.                   Swenne (E. van), 185.

34, 40, 41, 49, 50, 104, 106, 108. Struys (1.). 3, 217, 228, 279, 384

T.

Taboekan (op Groot Sangi), 86.    447, 450, 454, 457 461, 468, 480.
Tack (F.), 4, 33, 34, 70, 114, 116, 481, 485, 486, 497, 514, 517, 518,
135, 144, 240, 254, 259, 368, 409. 520, 521, 530, 532, 536, 542, 543.
410, 418, 421, 425, 426, 442, 444, 546, 549 - 553, 556, 557, 572, 576.

a                                                   Original from
Digitized by Google              en                      PENN STATE                    nd
