REGISTER VAN PERSONEN- EN PLAATSNAMEN.

581, 584, 586, 602, 604, 605, 613,
621, 622, 655, 659, 661, 671, 676,
677, 682 - 684, 686, 687, 691, 692,
694, 7O1, 714 716, 718, 720, 751,
761, 769, 770, 772, 775.

Tackman (Koetoet) zie Pakisan.

Taffa Sahoe (Kim2.)  Tafasho,
327, 337.

Tagapati, 779.

Tagea, 337.

Tagija, 78.

Tagoelandang, 81, 86, 89, 317, 324.

Ta Hane, 327, 351.

Tajoean (Tai-wan), 59, 128, 173, 438,
446, 664, 763, 766, 790, zie ook op
Formosa.
446, 664,

Takoe (
590, 596.

Talaga (op Mangoele), 709.

Talaga (West-Java), 184.

Talang, 560.

Talbert (Kpte), 646.

Taliaboe-ers, 707.

Talilla (Dang) (- Tahalele), 238
240.

Taloeki (Kime. Padjahe), 342, 354.

Tambak (Raden), 9, 25, 589, 602.

Tamban (Nioman  Jonghman), 291.

Tambelang, 679.

Tambesi, 3, 477, 480, 486.

Tambora, 243, 250, 252 254, 256
259.

Tampiloe, 98.

Tampoean ( Tampoerang), 786.

Tamsiako, 37, 429, 631.

Tanara, 22, 57, 114, 138, 139,
213 216, 230, 234, 442,
451, 452, 454, 459, 462, 509,
518, 534, 574, 615, 624, 625,
674, 675, 685, 717, 719, 722,
730, 733, 736, 737, 739, 740,
749, 752, 758, 759, 788.

Tandjoeng Gedang (berg), 132,

763, 766, 790.
Takuwa tung), 45, 46,

145,
444,
511,
670,
723,
742,

400.

Digitized by Google

Tandjoengpoera,

63,
265,
518,
626,
784,

XXXIX

6 9,
110, 117, 120,
437, 441, 445,
559, 562, 564,
628, 635, 672,
795, 796, 800,

17, 32, 61,
151, 183, 184,
446, 497, 515,
588, 604, 612,
731, 753, 769,
809.

Tangana (Pangeran), 224.
Tange (W.), 34, 172.
Tangerang, 22, 57, 58, 114, 138, 139,

145,
215,
268,
376,
436,
476,
119,
534,
565,
613,
641,
674,
727,
752,

243,
375,
467,
520,
641,
696,
734,

315,
628,

Tanoe
Tanoe
Tanoe

788,
Tangerang

Tangeranger(s), 179, 291,

168, 169, 173, 177 179, 214,
221, 224, 230, 234, 242, 266,
270, 291, 293 296, 306, 307,
377, 395, 396, 408, 419, 435,
446, 447, 453, 462, 468, 475,
498 500, 508, 510, 511, 517,
520, 523, 524, 526, 532, 533,
547, 548, 554 556, 562, 563,
566, 572, 581, 584, 604, 606,
624, 626, 628, 629, 632, 638
643 - 645, 651 - 653, 670,
677, 689, 715, 717, 723, 724,
728, 731, 734, 737, 744, 748,
155 759, 766 768, 784,
790, 791, 793, 795, 799.

(Rivier van), 224, 225,
270, 293, 296, 304 309,
420, 421, 435, 444, 445,
504, 509, 510, 517, 519,
585, 586, 604, 606, 639,
673, 675, 676, 682, 683,
721, 724, 727, 729, 732,
744, 749, 784, 795.
293,
562,

266,
408,
4715,
533,
644,
717,
739,
295,
418, 420, 453, 510,     564,
640, 757, 185.

Tanoebaja (Toemenggoeng), 6.
Tanoe Mangaloe (Aria), 653, 780.

Praja, 267, 628.
Saja, 783.
Soerabaja (1t.), 642.

Tanuari, 706.
Taroena (Saroeni), 89.

Taroesan, 132, 400 402, 406,

803.

560,

Original from
PENN STATE
