REGISTER VAN PERSONEN- EN PLAATSNAMEN.           XI

724, 725, 728, 733, 734, 736 - 738,
739, 742, 743, 744, 746, 747, 749,
752, 753, 755, 758 762, 764, 765,
768, 770 775, 777, 778, 780,
786 792, 795, 796, 797, 798,
807 809, 812.

Bantammer(s), 19, 148, 169, 272, 307,
376, 445, 497, 505, 524, 628, 685,
786.

Bantardjati, 32, 63, 183.

Banten Girang, 137, 546.

Barbosa (L.), 248.

Barentse Sombeeck (J.), 633, 635.

Baron (S.), 152, 580, 648.

Baros, 110, 133, 434, 494, 561.

Barressi ( Beseri, Groot Tawali
(Prins), 331.

Barwel (E.), 382, 383, 465, 469, 476,
500, 501, 502, 522, 540, 603, 604,
627, 702, 765, 766, 796, 797.

Bastiaanse (C.), 741.

Bastinck (J.), 507.         ,

Bastinck (W.), 34, 44, 70, 120, 142.

Batang, 111, 422, 423, 527, 528, 678,
679, 812, 813.

Batavia, 6 9, 21 24, 26, 28, 29,
31, 32, 35, 40, 41, 42, 50, 52, 53,
57, 59, 60, 62, 66, 67, 104, 106
109, 115, 116, 118, 120, 121, 124,
126, 131, 137, 138, 140, 145, 146,
148 151, 154, 164. 166, 170, 173,
175, 176, 178, 186, 190, 191, 203,
208, 210, 214, 215, 219. 220, 230,
232, 235, 239, 240, 244, 245, 249,
252, 254, 256, 259, 261, 265, 266,
271, 274, 279, 282, 284, 286, 311,
314, 315, 321, 340, 346, 368, 369,
371, 373, 374, 377, 380, 382, 383,
386, 387, 389, 393, 395, 398, 414,
430 - 432, 434, 440, 457, 459, 461,
462, 465, 471, 474, 475, 478 480,
483 486, 489, 492, 493, 495, 496,
502, 512 514, 519, 520, 533,
536 538, 545 547, 549, 552,

Digitized by Google

553,
578,
601,
625,
658,

557,
579,
604;
630,
661,

563,
584,
612,
632,
672,

568,
585,
613,
634,
681,

571,
588,
616,
638,
688,

573,
506,
621,
640,
689,

576,

509,

623,

657,

693,
694, 696, 702, 709, 712, 716, 717,
719, 727, 730, 733, 740, 744, 761,
762, 775, 780, 786 790, 800, 804,
814.

Bataviasche Ommelanden, 167.

Batipoe, 804.

Batjan, 312, 319, 341, 372.

Batoe Hampar (Batouamp.), 400.

Batoelajang, 211,

Bauckes (N.), 50, 62, 184, 185, 186,
190, 427, 635, 636, 762, 780.

Bax (Aletta), 298.

Bea (Radja), 78, 79, 80, 89, 93, 94, 95.

Beeke (F. van der), 579.

Beekom (A. van), 728.

Been (J.), 518, 521, 576.

Bega, 709.

Begnida Ratoe, 806.

Behare (Behar), 637.

Bekassi, 167, 795, 798.

Bellasoor (Balasor), 51, 52, 185, 186,
427, 637.

Bellison (J.), 217, 221.

Ben () Beno (Sengadji), 354.

Bengalen, 37, 50, 52, 62, 67, 73, 74,
184, 185, 186, 190, 427, 428, 566,
571, 593, 599, 602, 635, 637, 649,
650, 669, 705, 762, 780, 781, 782.

Bengas, 718.

Bengkalis, 422.

Benjanen, 579, 648, 649.

Benninckhuysen, 295, 296, 420, 435,
445, 653.

Bent (F. L.), 31, 34, 43, 66, 72, 118,
154, 218, 298, 463, 516, 728, 732.

Berampoerder (v. Berhampore), 50,
186.

Berckman (M.), 52, 782.

Berenbergh (C. van), 172, 671.

Original from
PENN STATE
