Baai van Boengoes, 402.

Babakan, 585, 755, 757.

Babar, 776.

Bacheragsvaart, 166.

Back (D. den), 183.

Badjang (Radja), 400, 401.

Badurchan, 637.

Baelde (M.), 20, 34, 70, 238, 525.

Baerschott (Ph.), 32.

Bagalen, 9, 11, 12, 32, 183, 184, 610.

Baikoetoe, 343.

Baja, 216.

Bajang ( Jangbaai), 132, 133, 400,
401, 402, 405, 406, 560, 803, 804.

Bajangers, 132, 402, 560.

Bajoli, 344.

Bakasan, 718.

 Bakeytor zie Bodjonegara.

Bakkari, 326, 327, 328, 336, 337, 339,

343, 347, 348, 358.

a   ee

REGISTER VAN PERSONEN- EN PLAATSNAMEN.

Bandurchan, 748.

Bandzill (van Jav. bandjel helper
plaatsvervanger), 725.

Bandongang, 652, 722, 755, 757.

Bangarij ( Bangri), 45, 46, 590, 596.

Banggai, 109, 326, 327, 342.

Banggai’'ers, 338.

Banjermasin, 40, 41, 42, 110, 111,
137, 138, 173, 174, 305, 439, 811.

Banjoemas, 12, 184.

Banka, 35, 36, 169, 170, 180, 206, 214,

461, 482, 483, 488, 505.

Bangka Kota (rivier), 169, 482.

Bankaneezen, 483, 777.

Bankla (Krang), 332.

Banqwa, 509, 511.

Bantam, 16, 19, 21 24, 27, 31, 32,
36, 39, 40, 57, 58, 114, 137, 138,
143 150, 152, 157, 168, 169, 171,
172, 173, 178, 180, 181, 182, 203,

Bali, 679, 736.              207 - 226, 229 237, 241, 242,
Balir(s), 19, 28, 29, 112, 120, 178, 211,      248, 249, 267, 270 - 273, 275, 276,
217, 235, 266, 267, 268, 272, 274,    277, 279 286, 288, 202, 297, 303,
278, 285, 286, 291, 297, 376, 421,    305, 307, 308, 309, 368, 375, 377,
428, 429, 444, 449, 454, 455, 458,    381, 382, 383, 385, 386, 389, 304,
461, 467, 510, 516, 517, 523, 524,    396, 398, 399, 408, 411, 414, 416,
535, 536, 547, 548, 563, 564, 584,    421, 425, 429, 434, 439, 441, 444,
585, 606, 607, 609, 614, 617, 633,    445, 447, 448, 450 454, 456, 457,
639, 640, 641, 642, 652, 674, 676,    461, 462, 464 - 466, 468, 474
686, 687, 722, 733, 734, 735, 738,    477, 483, 488, 491 4093, 497 -
742, 744, 748, 755, 758, 760, 772,    499, 500, 501, 502, 504, 506 509,
780, 781, 783, 785, 786, 794, 808, 511 516, 518, 320 522, 524,
814.                     526, 530, 531, 534 - 539, 541 -

Bamman (J.), 633.

Banda, 30, 61, 69, 70, 71, 117, 121,
133, 136, 141, 143, 144, 189, 212,
243, 249, 250, 254, 292 296, 310,
311, 367, 371, 373, 776, 777, 782.

mm nn

543, 546, 547, 549 - 553, 555, 556,
557, 559, 562, 563, 566 568,
570 572, 574, 576 584, 586,
588, 594, 599, 600, 602, 604, 606,
611, 613, 614, 616, 617, 621, 626,

Bandaneezen, 60, 586, 588, 589, 602,    627, 629, 630, 631, 643, 648, 649,
604, 606, 624, 628, 744, 748, 755.    656, 657, 659 662, 664, 671
Bandoeng, 5, 6, 7, 25, 32, 265, 497,    676, 682 686, 688, 689, 691

518, 628.

697, 700, 701, 702, 713, 716, 720,

En                                                   Original from
Digitized by Google             en                      PENN STATE                                       DN
en                 la
