REGISTER VAN PERSONEN- EN PLAATS-NAMEN.                  727

605, 606, 609, 618, 619, 621, 642,

645, 647, 649, 655, 657, 691, 711,

712, 718.
Chincioe, 57, 61, 62, 176, 605, 611, 618,
625, 628, 717, 718.
    (rivier van), 537, 716.
Chinezen, 1, 51, 55, 37, 40, 45, 57, 68,
72, 74, 80, 98, 99, 11t, 174, 176,
177, 187, 205, 207, 225, 227, 237,
259, 240, 275, 344, 345, 548, 560,
566, 453, 455, 458, 472, 500, 505,
518, 600,- 601, 608, 614, 616, 626,
656, 658, 659, 641, 642, 649, 651

655, 657, 691, 692, 694, 695, 699,

710, 711, 719.
Chozia Ibrahim, 538 559.
Christiaens (C.), 5.

Claesz (J.), 54, 635, 80, 145, 187, 356,

451, 528.

 (L.), 280, 482.
Clapton (B), 431, 655.
Clomp, 60.
Clough (W.), 512.
Cobb, 655.
Cochin-China, 80, 187, 512, 657, 658.
Colochucho, 248, 250.
Commers (D.), 225.
Concordia (fort), 495, 497.

Cook (P.), 467, 510, 512, 517, 526, 530,
542.

Cops (J.), 257, 705.

Cortehaeff (J. A), 54.

Corte Reael (M), 546.

Cos (S.), 9, 228, 255, 259, 240, 245, 246,

255, 255, W61263, 265, 271,
276, 278, 399, 461, 465465, 481,
498, 551, 556, 540, 541, 584, 585.

Costa (J. de), 528.

Coulster (L. van), 226, 545, 555, 411,
570, 571, 675, 682.

Couplet (P), 5860, 97, 651.

Coyet (F), 10-17, 159, 154161, 170,

219, 254, 255, 258, 240, 555
535.
 (GG), 15.

Cracau (G.), 475.

Croese (A), 582, 407.

Croocq, 60.

Croon (J.), 70, 76, 124, 1355, 158, 224,
227, 545, 400, 442, 455, 564, 584,
689.

Cruyce (van der), 60.

Crux (H. de), 577, 578.

Culenburg (H.), 52, 495.

Cunaeus, 584.

Curr (M.), 208, 455, 589.

DD.

Dacherom, 113, 5035, 595.
Daicel, 577.
Dam (Jacob van), 15, 22.
 (Jan van), 14, 257, 250, 255, 256,
260 265, 268, 275, 276, 280, 599,
464, 465, 476, 479, 481, 556.
 (P. van), 469.
Daman, 297, 585, 592.
Dammer, 262, 279, 477, 479, 480, 557.
Danderagipoera, 545.
Dankers (A), 225.
Danser (S. den), 226, 554.

Google

Daoedchan, 426, 665.

Darasakoer, 305, 590.

Dassen-eiland, 290.

Deenen, 574, 419, 475.

Deka, 21, 107, 141, 166, 167, 295, 297,
424, 425, 427, 453, 664, 665, 667, 668.

Delaronse (M.), 594.

Delelchan, 664.

Delft, 105, 172, 475, 521, 04.
 (redoute), 266.

Delhi, 104, 140, 142, 294, 299, 304,
3505, 507, 515, 426, 589, 664, 678.
