REGISTER VAN PERSONEN- EN PLAATS-NAMEN.               729

542, bbb, 564, 567, 587, 594, 6355
655, 671, 680, 688.

Engelschen, 19, 26, 29, 50, 55, 37, 6265,
68, 70, 80, 82, 85, 89, 98, 100, 108,
115, 117, 118, 129, 157, 138, 145
145, 149, 150, 160, 167, 170, 172,
180, 185, 184, 189, 195, 196, 200,
201, 205, 205, 251, 257, 260265,
278, 282, 288, 292-294, 507, 508,
512514, 516, 518, 519, 521, 526,
527, 348, 353, 559, 560, 565, 564,
566, 367, 572375, 584, 385, 410
413, 421, 422, 426, 429, 430, 453,
449, 455456, 458, 466468, 475,
476, 486, 488490, 492, 500, 505,
505, bib, 518, 527, 538, 559, 541,
542, 547, 549, 55l555, 555, 557,
559, 566, 567, 572, 575, 577, 584,

586, 587, 590, 594, 627, 652655,

6359, 641, 669, 671, 672, 678680,
682685, 687, 688, 693, 710.
Enkhuizen, 172, 173, 549, 352, 582, 696,
704, 705.
    (punt), 581.
Ernestus (punt), 657, 710.
Erpolin, 120, 188, 189.
Erang, 275.
Es (van), 455.
Eskel Andriesz, 574.
Esquieviel (D. d’), 594, 595.
Essen (CG. van), 190, 191.
Estekarchan, 294296, 298, 504, 505,
590.
Ethiopie, 675, 678.
Europa, 58, 59, 125.
Evertsen (V.), 515.
Evertsz (L.), 250, 280.

FE.
Faber (C.), 224.                     Fo-ki, 236.
Faifong, 75.                         -kin, 45, 624.
Farrer (H.), 466, 475, 509, 519. Fonteyn, 60.

Faselchan, 294298, 304, 505, 313, 590.
Fato-meto, 536.
Feali, 495.
Ferment (G.) 225.

" (J.) 158, 345.
Firando, 651.
Figredo (F. V. de), 199.
Fizen, 644.
Florisz (A.) 598.
Fo-cheu, 59, 60.
 -ho (rivier), 44.

Formosa, 12, 25, 41, 54, 94, 97, 254,
235, 237, 255, 3554358, 600, 610,
619, 621, 622, 624626, 628, 630,
642, 711, 712, 718, 719.

Foster, (F.), 512.

Fragri, 94.

Frankrijk, 59, 107, 506, 507, 512, 11,
512, 671.

Franschen, 98, 107, 282, 316, 387, 567.

Funinsi, 45.

Gr

Gales-baai, 579.

Galjettes (de), 151.

Gama-lama, 2592435, 245, 247, 3592,
594 396, 531, 552.

Google

Gampang, 415.
Gamron, 108, 112, 115, 145, 149, 290, 291,

295, 294, 508, 512, 515, 582 585, 422,
495, 495, 669, 675, 675, 676, 678, 680.
