REGISTER VAN PERSONEN- EN PLAATS-NAMEN.

420, 421, 450, 489, 502, 549, 566,
584, 667.

Jager (H. de), 547, 491, 529, 541.

Jakatra, 220, 225.

 (schans), 2, 67, 154, 164, 34l,
380, 417, 462, 525, 598.

Jansen (J.), 715.

Jansioe, 44, 58.

Jansz (B.), 585.
 (D.), 54.
 (S), 117, 118, 150, 152, 472.

Jantoetok, 716.

Japan, 18, 58, 59, 454b, 74, 75, 7779,
108, 150, 146, 148, 156, 158, 165,
167, 174177. 188, 194, 208210,
215, 216, 219, 220, 257, 281, 286,
509 311, 555538, 354, 582, 590,
425, 428, 592, 600602, 611, 628,
650, 640645, 645647, 649654,
656-661, 689691, 706, 710, 718.

Japanezen, 71, 599.

Japara, 24, 8, 24, 51, 52, 58, 65, 66,

68, 155, 145, 152154, 156, 157,
159, 161165, 170, 195, 199, 221,
222, 228, 255255, 259, 259, 276,

284, 285, 556, 559, 540, 548, 552,

153

562,
410,
457,

3577,
414,
460,

579, 588, 3591, 400,
416, 456, 440445,
461, 465, 494, 496,
508, 515, 518, 522, 524, 559,
 595, 656, 665.

 Jaserchan, 590.

 Java, 572, 699.

 Javanen, 5, 25, 67, 70, 81, 154,
155, 160, 164, 170, 202, 225,
272, 541, 580, 417, 452, 45b,
462, 471, 474, 515, 518, 519,
588, 598, 654, 694, 695.

Jedo, 641 -645, 652.

Jenings (R.). 512.

Jeronimus (C.), 472.

Jessing (Radja), 504.

Jessonsing, 505.

Jeupini, 60.

Jeuriaensz (P.), 688.

Joartan, 525.

Joenam, 7274, 78.

Jonathan, 558.

Jonker (kapitein), 274, 464, 540, 585.

Josidonne, 641 645, 651, 652.

408,
447,
504,
559,

154,
254,
458,
525,

Junius (J.), 475, 517.
Juyst (H.), 288.

KEK.

Kaap de Goede Hoop, 21, 100105, 126,
171, 175, 199, 256, 281285,
288290, 549, 552, 554, 555,
564, 576, 581, 412, 450, 455,
475, 517, 521, 540, b4l, 556,
682, 696, 705, 706, 710.

 Somber, 59.

Kachio, 71, 75.

Kaffer, 425.

Kaidipan, 244.

Kail, 420.

Kailpatnam, 420, 576.

Kai-tzoe (sjahbandar), 26, 80, 555556,

595.

Google

Kalamata (Prins), 4, 241, 592, 597, 437,
558, 565, 693.
    (negorij), 594.
Kaletoere, 585.

 Kaleweti, 120, 121, 124, 128, 182.

Kalf's-klippen, 615.

Kali, 5.
 -anjar, 24, 162, 220, 222, 539, 340,
577, 578, 415, 459.

Kaligo, 340.

Kalikoilan, 125, 151, 185, 186, 188, 189,
525527, 559, 411, 415, 570, 575,
574, 577579.

 -woengoe, 152, 165, 415, 460, 522, 596.
