656                   REGISTER VAN PERSONEN- EN PLAATS-NAMEN.

Es

Ierland, 551.

llaoe (Dang), 655.

Indianen. 77, 235.

Indihiang, 447.

Indragiri, 140, 153, 161, 162, 175, 178.
185, 205, 228, 229, 241, 556, 569
572, 576, 578, 585, 472.

Indramajoe, 9, 16, 51, 59, 41, 66, 67,
7274, 92, 105, 104, 106, 109, 111,
115, 119, 120, 150, 151, 155, 159,
142, 145, 154, 155, 164, 175175,
177, 196, 197, 217219, 222, 224,
250, 251, 246, 261, 267, 280, 282,
287, 288, 511, 512, 3527, 528, 542,
547, 356558, 575, 575582, 588,
590, 3597, 598, 416420, 429, 450,

455, 4357, 459, 440, 442 444, 446,

455, 459, 467, 468, 470, 476, 485
487, 489, 500, 507, 508, 515, 517,
522, 525525, 527529, 556, 541,
549 bbl, 559561, 582, 584, 595,
599, 605, 606, 655658, 640.

Inesh (J.), 6065.

Ingen (M. van), 1352, 158, 514, 526,
579.

Ingis, 549.

Ingrana, zie: Djanggrana.

Inias, 458.

Intche Bagus, zie: Abdoel Bagoes.

Intche Karrangh, zie: Tjikarang.

Intche Pragy, zie: Tjiprage.

Intchiassem, zie: Tjiasem.

Intenagara (Rangga), 575.

Itam (Entji), 156, 252, 266, 294.

J

(Zie ook Dj.).

Jacatra, 3, 11, 90, 129, 162, 181, 182,
220, 228, 241, 246, 511, 524, 556, 575.

Jacob van Badega, 458.

Jacobsen (J.), 64.

Jacobsz (P.), 555, 458.

Jacobsz (S.), 526.

Jacobsze (J.), 565.

Jacoby, 690.

Jadaarpa, 578.

Jady, 549.

Jafnapatnam, 158, 206, 554, 576.

Jamaica, 25.

Jangalaga, zie: Djanggala.

Jankewo, 272.

Janko, 597,

Jansen (J.), 286.

Jansze (H.), 599.

Jansze (J.), 654.

Japan, 54, 58, 45 -49, 51, 52, GO, 79,

Google

80, 101, 102, 121, 127, 140, 144,
145, 152, 155, 159, 208, 210, 222
226, 248, 265, 275, 279, 280, 545,
545, 3547, 548, 589, 590, 472, 551,
552, 556.

Japara, 51, 40, 41, 64, 66, 79, 95 97,
100, 104, 109115, 119, 120, 125,
128, 155157, 154, 156, 162166,
172, 175, 187, 191, 192, 194196,
198202, 222, 225, 251 -254, 257,
274, 281, 2835, 288, 292294, 299,
512514, 518, 525, 527, 528, 550,
552, 342, 547, 585, 584, 385, 588,
590, 598, 421, 424426, 451455,
456, 457, 4h4446, 455 454, 475,
474, 488, 491, 494, 495, 497, 499,
505, 506, 515, 5l5517, 519, 521,
522, 527, 545547, 549, 561, 562,
597599, 659.

