REGISTER VAN PERSONEN- EN PLAATS-NAMEN.

Harkmans (H.), 256.

Harkse, 455.

Harmansen (B), 145.

Harmonie, 145.

llartman (A.), 256, 506, 611.

Hartogh (J. de), 514.

Hartsinck (W.). 2, 5, 18, 26. 27, 44. 45,
56, 76, 835, 86, 152, 192, 197, 208,
209, 219, 257, 258, 248, 250,
255, 258, 259, 262, 268270,
326, 3554, 560, 595, 452, 465,
504, 505, 522, 556, 557, 565,
578, 655, 642.

Hassanoedin (Sultan), 422.

Hassi (Kimelaha), 474.

Heden (J. van), 286, 500, 574.

Heerenstraat, 118, 210, 554, 679,
618.

Helt (H.), 90, 181, 241, 577, 486.

Helwigh (J. 0), 475.

Hendricks (B.), 298.

Henegouwen, 276.

Hennin (J. de), 57.

Hercules (J.), 452.

Heussen (D. van), 658.

Heussen (J. van), 547.

Heynen (B.), 22.

Heynen (J.), 286.

Heysselbergh (J. J.), 607.

Hindostan, 499.

Hinlopen (A), 7.

Hinlopen (B.), 22, 26, 202, 582.

Hitoe, 402, 474.

Hoay, 475.

Hoegli, 91, 203, 207, 569.

Hokkien, 626, 627.

Hoksieuw, 28, 89, 125, 267, 296, 526,
529552, 555, 575, 580, 599, 615,
616, 619, 622, 624, 625, 628652.

Holland, 35, 71, 120, 249, 251, 295,
561, 461, 574, 592, 615.

Hollanders, 25, 41, 42, 104, 105, 108,
118, 155, 146, 150, 151, 180, 189,

616,

Google

 Hoorn (CG. van),

655

214,
555,
586,
462,
494,
610,
652.

Holsteyn (J. F.), 50, 176, 200, 275, 529,
421, 541, 546, 547, 558, 579, 601,
602, 616, 621, 622.

Honimoa, 402.

Hoorn (stad), 52, 58, 354, 451, 554, 566,
567, 587.

251, 255, 271, 287, 518, 525,
541, 364, 570572, 582, 584,
590, 391, 403, 420, 451, 460
469, 478, 479, 482, 485, 485,
508, 521, 524, 557, 600, 609,
617, 619, 621, 625627, 629 -

Hoorn (G. van),
Hoorn (J. van), 69,
141,
257,
524,

87, 88, 90, 105, 154,
148, 161, 184, 211215, 251,
258, 276, 299, 502, 504, 511,

554, 564, 441, 504, 564, 568,
B77, 602605, 610, 614, 616, 625,
627, 650, 6355.

Hoorn de Jonge (P. van), 98, 594, 507.

Hoorn (P. van den), 57, 86, 90, 467, 602.

Hop (H.), 202.

Hopman (A.), 614.

Hoppesteyn (G.), 166.

Hosten (A. van), 247.

Houtzagers-eiland, 145, 146.

Huquam, 37.

Hurdt (A.), 8, 13, 2951, 6668, 85,
95, 97, 98, 100, 104, 108, 109, 111
115, 124, 125, 129, 152, 135, 158,
144, 148, 152, 165, 165, 167, 210,
220, 2354, 247, 248, 267, 272, 505,
509, 510, 3518, 521525, 526, 558,
539, 551, 552, 554, 450, 467, 5035, 526.

Hurdt, (M.), 17, 130, 206, 265, 268,
297, 500, 402, 442, 512, 589.

Huysman (M.), 60, 154, 206, 259, 277,
278, 400, 427, 472.

Huyssen (J.), 95.

Huysser (Z. de), 169.

Hyssala, 457,
