NY

31 JANUARY.                       99

binnen de stad.

Mardykers.     Mooren en Javaenen.   Maleyers.    l    Baliers.    lLyfeygene.
ARE:    el g    sg     8
sE lat8lelfl lele (elst    E
RENEE  ESES  SIEA. 888 ENE
sIAIS AIS  SAISIR A  ERENAFAS Sal IS  S8 es
Ei E Boven Onder EA 5 Boven Onder 5 Boven ) Onder 5 Boven) Onder) 5 2 E
SE fdeldfdeldlS El deld) deld SE del4jdel4j SE deldjdeldj SEE A

jaer. jaer.    jaer. jaer   jaer. jaer.   pJaer. j geer. j JI 1
2 7 2

7 de ed eenIi le ----- 93 54 53 308
zl Bee sedll el 2 3 71 93 8 475
2 6 419 ll 225) 165 40 587
IE ENiele - ll el 129 92) 23 429
zi mie enilele 1 Al 12 4 9 2 1 3 146) 194) 85 679
U Hell 4 3 A AIA Ie Welle  - 47 58 7 204
 ee ee ee eN sie iele All 3 3 137
U Halle Hele 1 Il ll 86 112) 12) 393
-l Ml 4 Il eel eid Bl 227) 2371 871 837
l 5 3 MM Ul Il 162) 121) 40 537
3 16) 3 1 4 5 1 3 B 1 15) - 101 80 64) 465
3 3 4-10 4 3 Ml) Al 1 176) 118) 49 525
4 ll 5 7 3 18-254) 161) 77 675
3 Ul 1 A 6-1) 180 150 161) 717
9 19 U B 3 l ---- 50 49) 8 216
26) 54 5) 3 15 1616 19 3) 1 1 6 3 1 22 9 15) 67) 72 17) 398

 61 191) 15) 81 481 52 36, 27) 5 3 5 8l 8 12 -l 34 36 72 3 1 3212911871) 750) 7905
binnen de stad.

40 90 6 15) 37 23 10 16 -l U 3 A 1 tl UI 3 106 127, 78 715
70 105) 36) 34 49, 46) 10 11 -- 1 112 12 1) 5 3 -- -- 170 202) 33) 904
20 42 4 41112 8 8- 4 2 23 17) 3) 1 3 39, 59 5 1 13 6 239 247 67) 1042
48, 61 15 10) 37 29) 11) 10, 1 1, 6 7,43 39 5) 3 8110 14) 15) -- 5l 256 229 67 1038
56l 95) 5 5 53 55 11) 8- 12 13) 6 8-l 5 4 20 18l -- 713 306 320 87 1234
 lll 1 Hell Il 2 3 2 34 41) 10) 3 5l- 235 312) 53 1205
36 48 7 3 24 28 40) 36 5 5 28 28 6 3 1 7 10) -- 1 168 155 25 785
14) 1 3) 9 3 13 6 -) 1 5 1 34 2 5) 4 14 7105) 84 1 1 18) 7) 245) 271) 21) 1045
2 Ill 2 2 32 2 U -- - 138) 144 21 579
IN Allee el -  8- 129 116) 48) 424
ie eee eee eee eel el 1181 126) 41l 469
-e ele jee ee ll ll 35 48 6 202
 lll ee 70 66 10 210
287, 156, 77 71,220,196,104, 96, 6 7 59 55,132)106, 17 10) 37,31 219245) 16, 5 482722652363, 557 9852

Batavia
86, 117 16, 18: 53 50) ----l 1 Nl 4 8, 1l 5 3 248 200 93 1138

 616 grts as 50 3 1 14762 1310, 99 24 32 10 6 7 6 871, 721) 203 5143
113, 165) 14) 13105) 91362284, 35 17119106) 49 14  (10' 22 4 51 95 11 3 1918 431, 476, 100) 3030
8151156 sal 257602 499 365 285) 36 17 119106 97 77 13120) 3113) 79135) 22 TA 26 27 15501397 396) 9311
al 't voorenstaende.

 61) 191 15) 8 48) 52) 36, 27 5 3 5, 8 8 1U-jl 3 4 36 72 3 , 32129 1871, 750 7935
287 456, 771 71220)156.104) 96, 6 7 59 55132 106, 17,10, 37 31,219 248) 16) 5 4827) 2265312363, 557) 9852
815, 1156 351257 602 499 365 265  E 17 119 106, 97, 77, 1320, 3113) 79135 2214) 26 '271550 1397 396) 9311
11631803 443 336 870'747'505 408' 47' 27

1831169 237'195' 30.00 71 30334 455) 41 19) 75 57 5944563111703 27068

Oe                                               Original from
pigitized by (GO   gle                      UNIVERSITY OF WISCONSIN
