566

Henriks (C.), 157.

Hertog, 28.

’s Hertogenhosch, 116.

Herville (de), 305.

Heyblok (J.), 165, 159.

Heyden (G. van der), 517.
 (J. van der), 517.

Hiddi (J.), 12, 22.

Hila, 174.

Hitoe, 121, 175-175.
 lama, 174.

Hobbe (B), 15, 139.

Hoender-markt te Batavia, 98.

Hollandia (fort), 175.

Imbassadana, 81, 309, 524, 525,
558, 548, 552.
Indragiri, 126, 161165.

532,

REGISTER VAN PERSONEN- EN PLAATS-NAMEN.

 Hollandia (punt), 111, 146, 518.
' Honimoa, 175.
Hoorn, 37, 58, 41, 45, 116, 118, 258,
509, 312, 515.
.    (P. van), 5, 25, 26, 30, 49, 50,
149, 249, 255, 265, 518.
Hop (H.), 105, 107, 115.
Hosten (A. van), 28.
Hougly, 1, 15, 182, 286, 540.
Hugo (H.), 10, 306, 522.
Hurdt (A), 48, 49, 54, 121,
240, 254, 282, 299.
 (M.), 69, 77, 225, 255,
Huybertsz (P.), 129.

150, 175,

517.

I.-

269, 261, 293, 295, 525,
567.
Indyk (L.), 15.

527, 554,

Indramajoe, 55, 85, 108, 110, 142, Ingen (M. van) 48, 192.

143, 176, 178, 204, 205, 251, 255, .

J

Jacobsz (A), 555.                  206, 215, 221, 222, 227, 250, 252,
Jafnapatnam, 210, 521.               241, 245, 248, 249, 251, 256, 259,
Jager (H. de), 305.                  261, 265, 272, 278, 279, 286,
Jakatra, 159, 180, 181.               290, 291, 293, 295, 299, 507, 509,

n   (schans), 351, 66, 87, 111, 146,    5243527, 5352, 3358, 547 349, 554,

208, 234, 265, 297, 529, 360.
Jansz (C.), 51.

 (J.), 552.
 (S), 552.

Japan, 18, 22, 25, 52, 47, 48, 51, 62,
75, 74, 80, 1035, 104, 107, 114. 166,

182,
549.
Japara, 22, 55,:65, 74, 75, 7779, 81,
85, 90, 9595, 97, 108, 109, 112,
117, 118, 122, 129 -151, 140145,
149, 155, 159, 160, 172, 176, 178,
183, 184, 191, 192, 194, 195, 202,

185, 195, 530, 554, 557, 540,

Google

556.

Java'’s Oost-kust, 117, 182.

Javanen, 21, 29, 30, 36, 66, 75, 76, 78,
82, 88, 90, 94, 95, 97, 98, 111, 115,
117, 126, 151, 159, 160, 164, 180,
184, 188, 192, 216, 222, 254, 249,

9265, 279, 297, 524, 325, 329, 538,

3560.
, Jerenika (krang), 507.
 Joncquiere (la), 505.
Jong (D. de), 45, 49, 517.
 (J. de), 121, 122, 150, 160, 192.
, Jonker (kapitein), 51, 2.
