Digitized by Gor  gle

31 JANUARY.              99
binnen de stad.
Mardykers.   Mooren en Javaenen.  Maleyers.   l   Baliers.    Lyfeygene
Ell   lll   JE   JEE j   8
858  RARA:  885  8E    8
.I8I8 88 JES IES ISIS 5 8 SISI S IS IN EEN as
s AIS AIS  AEANEAS SZ AR S  EIA SIAIE  88e

Ki) 5 Boven Onder 2 5 Boven Onder 5 Boven Onder 5 Boven, Onder, 5 2 5

SE del4del4 SE deldjdeld SE jdeldjdeld) SE deldjdeld SES 2
   Jaer.  jaer.     jaer.  Jaer.     , jaer. jaer. ken   Jaer. Jaer, Ka  EN tp NE
EI) RIE AE EN ICL (AIDE ER At LI

7 m-ll 2 2 dll 3 - ll ) 9 93 78 16) 333
LY 3ielll 93 54 53 308
 Steslll ll 4 3 71 93 8 475

2 6 4 1 HH AAI Il 226) 165) 40 587
ED ee edlele - ll 0 129 92 23 429
leisten ijsl-l-l- 1 2 12 4 9 2 1) 3 146) 194 85 679

U Hall 4 3 U A A Ie Weel el 47 58 7 204
--l- le le eel Il 2 37 3) 137

U Ie Ie 1 Mell jl 86) 112) 12 393
 ll 0 4 Ill 5 227) 237) 87 837
ll B -3 A iele sie ies -ij 162-140 537

3 16l 3 1 2 5 1 3 5) 1 15) 101 80) 64 455

3 3 -) 4-10 4 3 1 1 1 176) 118 49 525
L 4 Ml 5 7 3 13) 254) 161 77 675

3 Ul -) 1 4 6- - ll 1 180 150 161) 717

9 19 - 2 B B  ----- 50 49 8 216

26 54 5 3 15 16 16, 19) 3 1 1 6 3 1 22 9 15)- 67) 72 17) 398

61 191) 15) 8 48, 52 36 27) 5 3 5 8 8 12 -l 3 4 361 72 3 1 3212911871) 750) 7905
binnen de stad.

40: 90 6 15 37 23 10) 16 -- U 3 A 1 1 Il 3 106) 127 78 715

70 105 36) 34 49) 46 10) 11) -- 1 112 12 I- 5 3 -- - -l- 170 202 33 904

20, 42 4 411 12 8) 8 - 4 2 23 17) 31 - 3 39, 59) 5 1 13) 6) 239 247 67) 1042

48 61) 15) 10) 37 29) 11) 10 1l 1 6 7 43 39 5 3 810 14 15) -- 5l 256 229 67 1038

56 95 5 5l 53 55 11 8- 12 13, 6 8-l 5 4 20 18 -- 7113 306 320 87 1234
l-le el MH Mel Il 2 3 2 34 41 10 3) 5 235) 312 53) 1205

36 48 7 3 24 28 40 36 5, 528 28 6 3 -l 1 7) 10 --- 1 168 155 25) 785

14 11 3- 9 313 6 - 1) 5 1 34 2) 5 4 14 7105, 84 1 1 18) 7) 245) 271) 21) 1045

gl) Aje el AL 3 LA 138) 144) 21 679

IN Allee ll) 8 129 116) 48 424
 le lele lee eee le le 118 126 41) 469
z Ii sisieslsiesjelssjsjsisijsti je ee bd 0 20
Ren  l-  ma mm mm Dm Bm a  70, 66 10) 210
"287 16) 77 71 220) 196 104 96, 6 7 59, 55132106) 17 10, 37,31 219 248) 16, 5) 1827, (22652363, 557) 9852
Batavia.

86, 117) 16 18 53 50 -l il 1 Ii 4 8 15 , 3 248 200 93 1138
 616 87al321 226 444 358) 3 1 1 4762 1310, 99 24 32 10 6 7 6 871 721) 203 5143
113 166) 14 131105 91362284, 35, 17 119106, 49) 14)  10, 22) 4 51 95) 11) 3) 1918 431 476, 100, 3030
 815 1156 351 267,602)499 365 285 36 17119106 97 77) 13120) 3113) 79135) 22'1l 26 27 15501397. 396 9311
al Weense
61) 191, 15) 848) 52 36 27 5 3 5 8 812 3436 72 3 32129 1871, 750) 7935
287 456, 77 71 (220 166 104, 9, 6) 7, 59, 65 132 106. 1710. 37 31, 219 248, 16) 5 48 27 2265 52363, 557 9852
815 1156351 257 602 499 365 285 36 17119 106 97 77 1320 3113) 79135 2214) 26 271550 1397, 396, 9311
1165)1803 443 336 870 747 505:408) 47 27'183.169 237195’ 30 00 71 20334455 41 TO 76 57 5944 5631 1703 27068

Original from

UNIVERSITY OF WISCONSIN
