562

Bandjar, 354, 85, 141, 176, 178, 205,
205, 230, 259, 261, 295, 294, 525,
328, 356.

Bandjermasin, 306, 551, 552.

Bangai, 55, 257.

Banka (straat), 159, 185.

Bantam, 3, 9, 14, 1925, 52, 46- 48,

REGISTER VAN PERSONEN- EN PLAATS-NAMEN.

Beukum (A. van), 147.
Biliton, 158, 295, 528.

Bima, 58, 114, 190, 194, 246, 252, 259,

50, 1, 62, 65, 66, 7175, 7580,

62, 84, 88, 90, 91, 95, MW97, 102,
103, 107, 1135115, 121, 127, 129,
1351, 135, 159, 142, 154, 158, 159,
164, 165, 172, 176, 182, 187, 194,
197, 199, 200, 227, 228, 251, 240,
244, 247, 248, 2b51255, 255,
258, 265, 265, 270, 271, 278280,
282, 291, 295, 300, 507, 509, 521,
325, 331, 332, 335, 537, 559, 546
549, 353, 354.

Bantammers, 5.

Baron (F.), 505505.
 (S), 245, 253.

Baros, 88, 90, 205.

Bastincq (W.), 191.

Batikaloa, 1358, 284.

Batjan, 55, 60, 235, 259.

Batoe-keka, 288.

Baukes (N.), 28, 517.

Bax (J.), 78.

Beek (D. van der), 148, 164, 517.
 (P. van der), 281, 556, 549.

Beekman (W.), 51.

Been (J. A.), 317.

Bekasi, 31.

Bekom (A. van), 225.

Bellasore, 340.

Bengalen, 1, 7, 14, 75, 88, 1351, 182,

193, 201, 202, 215, 271, 286, 506,

559, 340, 543, 558.
Bengkalis, 532, 85, 219.
Bent (F. L.), 286.
Berau, 288.

Bergen, 117.
Berkmans (H.), 5.

Google

272-274, 280, 292, 294, 507, 528,
3531, 335, 5359, 546 -548, 554.
Bimaneezen, 3535, 3539.
Bintam, 3538.
Bisi (krang), 187, 264.
Blaeumeulen (J.), 9, 14, 44, 549.
Boano, 175.

 Bock (P. de), 191.

 Bodong, 34, 145, 178, 251,
256,

Bodegraven, 4.                  6

232, 259,
261, 292, 295, 555, 557.

Boegineezen, 140, 288.

Boeloe-boeloe, 85.

Boengi (rivier), 175, 182.

Boer (K. de), 97, 102.

 Boeroe, 52, 53, 175.
, Boeton, 57, 114, 203, 214, 215, 258, 259,

264, 265, 270, 289, 294, 557.
.   (straat), 155.

 Boetonners, 58, 288.
 Bogaert (A), 149154, 156, 182, 216

218, 220, 242, 269, 290, 517.
Bolk (D. van den), 551.

 Bombay, 5, 222.

Bommel, 196.
Bonang, 252.
Bonn, 196.

, Bonthain, 140, 245.

Bontowale, 140.

Boon (J.), 9, 19.
 (J.H), 45.

Bopp (A), 15, 557.

Borneo, 279.

Bornezee (E.), 517.

Bort (B), 1, 6, 7, 20,
91, 92, 95, 107, 126,
182, 183, 202, 216,
258, 271, 272, 281,
519521, 3530, 535,
349, 350.

26, 67, 72, 79,
130, 162, 172,
220, 247, 254,
286, 290, 500,
536, 3539, 545,
