REGISTER

VAN

PERSONEN- EN PLAATS-NAMEN.

A.

Abbema (E.), 316.
 (S), 196199, 201, 202, 210,
255, 281, 517.

Abdoe’l Djamal (Sultan), 77, 132, 153, 282.

Abi, 225, 226.

Abramsz (J.), 28, 156.

Abyssinie, 3549.

Adamsz (J.), 552.

Adelaer, 199.

Aeldorp (J. van), 148.

Agoeng (Sultan), 102, 3557.

Aguiar (B. d’), 508.

Aken, 5.

Alvis (P.), 28, 252.

Amblau, 53, 175.

Ambon, 31, 34, 48, 49, 52, 55, 61, 64,

114, 121, 122, 130, 155, 160, 173,
175, 187, 203, 236, 257, 239, 240,
254, 259, 261, 282, 292, 294, 299,
3525, 356.

Amsterdam, 7, 9, 10, 16, 37, 38, 43, 44,
74, 97, 116, 247, 270, 507,
509, 310, 314, 545.
’    (eiland), 115.
.     (punt), 318.

 Angk, 51, 78, 94.

 (rivier). 340, 351, 3553.

 Anjer, 83, 91, 131, 158, 164, 251, 539.

Antjol, 31.
 (rivier), 553.

Arakan, 24, 26, 62, 1351, 205.

Ardes (A), 15.

Arlington, 267.

Aromponi, 277.

Arosbaia, 55, 90, 204, 206, 230, 232,
292, 294, 526, 556.

scension, 502.

Atjeh, 73, 91, 113, 145, 178, 559, 555.

Atjehers, 188.

B.

Backer (C.), 212, 507, 515.

Bacx (J.), 320, 321.

Bakhuys (C.), 145.

Bali, 16, 33, 85, 107, 176, 205, 205, 231,
259, 292, 528, 556,

Balineezen, 29, 94.

Google

Balimboangan, 507.

Banda, 51, 353, 60, 54, 74, 81, 82,
129, 140, 141, 149, 155, 159, 172,
221, 228, 245, 256, 259, 285, 286,
292, 294, 508, 350, 341, 3473549,
556.
