REGISTER VAN PERSONEN- EN PLAATS-NAMEN.                 3579

Eeuwigh (T. van), 186.

Elmers (P.), 140, 152, 17

Engeland, 9, 16, 52, 33,
106, 116, 160, 167,
206, 217, 221, 226,
275, 274, 276, 292,
512, 315, 320, 334
3552, 554, 361.

Feron (H.), 181.
Formosa, 151, 549.
Fraey (D.), 72.
Francen (C.), 329.
    (J.), 225.

ES.

 Engelschen, 9, 16, 25, 29, 50, 55, 57,
1. 49, 71, 75, 79, 81, 89, 94, 105, 159,
57, 5254, 99,     151, 168, 169, 188, 205, 206, 220, 255,
188, 192, 205,   2735, 290, 293, 502, 3503, 311, 512,
234, 250, 2553,    315, 317522, 324 327, 5331 - 355,
293, 304, 309, 3535, 345, 544, 347, 361, 366 - 368.
327, 352, 546, Enkhuizen, 161, 184, 562.

Europa, 99, 216, 227, 565.

FE".

Frans (J.), 136.

Franschen, 16, 25, 29 -31, 52, 54, 67,

  71, 75, 79, 81, 89, 99, 118, 125
126, 128, 139, 147, 151, 153, 160,
168, 169, 205, 216, 220, 226, 250,

Francx (C.), 11, 16, 38, 40, 41, 47, 72,    255, 261, 262, 265, 272--276, 279,
159, 264, 265, 270, 290.             282, 290, 296, 502, 5035, 509, 512,
Frankrijk, 106, 118,140,141,188,205,217,   3520, 521, 3524, 327, 528, 551, 355,
250, 272, 273, 275, 276, 292, 293, 296,      545, 544, 547, 597.
509, 512, 515, 517, 520, 527, 540, 546.

Galjettes, 107.

Gamron, 245.

Ganges, 3566.

Gapi, 41.

Garoeda, 207, 255, 256.
Geesten (J. van), 129.
Gemoeroe, 75.

Cr.
272, 275296, 508, 323, 341, 562,
3565.
Goens (R. van) de jonge, 14, 96, 107,
5235, 362.
Goeree, 137.

Goes (J.), 177.
Golkonda, 79, 325.

Ghysen (J. van), 344, 364.            Gombong, 26, 82, 144, 256.

Gilliam, 218.
Gillissen (A.), 88.
.   (M.), 514.
Goa, 141, 268.
 (Celebes), 198.
Godia Ebrahim,’ 19.

Gorontalo, 44.

Gosens (G.), 212.

Gotske (Y.), 65, 263, 348.
Goutsinith (E.), 565, 567.

Graeff (J. de), 12, 94, 177.
’s Gravenbroek (.), 151.

Godong, 207, 209, 230, 298, 536.       Grimmel (T.), 198.
Goens (R. van), 14, 33, 96, 107, 154, 175,  Grissee, 6, 17, 25, 25, 26, 52, 58, 60,

178, 179, 185, 193,

198, 261, 265,   72, 85, 92, 9, 97, 109, 110, 142,

Original from

Digitized by Google                            NEW YORK PUBLIC LIBRARY
