REGISTER VAN PERSONEN- EN PLAATS-NAMEN.                 525

373, 455, 456, 467, 478, 479, 495,   595, 417, 420, 422, 459, 4bb, 465,

496, 505.                  476, 503, 504.
Pays (C.), 1354.                     Poeloe, 125.
 (M), 272, 520. bali, 132, 134.
Pearl, 33.                      doea, 353.
Pedel (W.), 245. laut, 547.
Peirak, 67, 68, 84.                     , -pandjang, 152, 134, 151, 152, 496.

Pekalongan, 10, 11, 22, 60, 76, 78, 99,       -rhoen, 5.
104, 105, 124, 145, 164, 186, 189,  -siantan, 12.
210, 212, 255, 252, 254, 266, 288,     -timaon, 181, 219, 408.
508, 511, 333, 3355, 366, 368, 390,     stjinko, 145, 203, 335, 398, 401.
392, 409, 410, 425, 459, 460, 481, ' Poerbaia (pangeran), 114, 546.

483, 507, 509.                    Poes (J. A), 35353.
Peking, 280.                       Point de Gale, 111, 151, 329, 371,
Pelletier, 415.                         479.
Pemboeang, 238.                    Pontang, 27, 178, 184, 200, 232, 242,
Peper-baai, 169.                 273, 293, 315, 3533, 355, 582, 589,
Pereira (C.), 378, 383.                 402, 404, 469, 470, 472, 475, 481,
 (M.), 189.                   487, 490, 496.

Perzie, 29, 99, 112, 115, 119, 120, 159,  Ponto-premera, 95.
11, 142, 148, 150, 177, 192, 195, Poolman (C), 421, 450, 502.
278, 518, 519, 540, 546, 389, 596, Portier (C.), 116, 340, 564.
415415, 443, 455, 456, 464, 467, Portugal, 280.

413, 474, 485, 493.           Portugezen, 102, 276, 281, 295, 299,
Pieters (B.), 149.                326, 547, 451, 465467, 494.
Pietersze (C.), 272, 418.              Postillon-eilanden, 181.

Pieterszen (J.), 131, 550, 585.         Priaman, 68, 72, 204, 272, 300, 316,
Pilavoine (V.), 35, 48, 69, 110.           317, 599.

Pipeli, 488.                        Prinsen-eiland, 352, 384.

Pit (L), 25, 90, 342, 441.            Punto das Pedras, 152, 307, 372.

Pits (J.), 2, 15, 45, 69, 119, 138, 157, Putmans (J.), 492.
158, 202, 247, 278, 295, 341, 350, Pyl (C.), 119.

).-
Quaelbergen (C. van), 8, 75, 350, 466.  Quinam, 81, 508, 355, 352, 568, 385.
RR.
Ranst (C.), 2, 5, 15, 36, 102, 121, 122,  Reghter (C.), 496.
180, 221, 257, 3514, 344, 384, 402,  Rembang, 22, 535, 42, 50, 51, 61, 77,

457, 467, 488.                     79, 85, 100, 1053, 105, 114, 122, 125,
Reenen (van), 184.                 126, 134, 141, 144, 146, 148, 155,

En                                             Original from
Digitized by Google                          NEW YORK PUBLIC LIBRARY
