528                  REGISTER VAN PERSONEN- EN PLAATS-NAMEN.

S' Helena, (baai van), 220.            118, 153, 181, 185, 200, 207, 208,
 Jago, 231, 451.                226228, 251, 81, 297, 344, 355,
 Joanna (eiland), 432. 357, 564, 584586, 396, 419421,
 Joris (fort), 470, 471. 451, 433, 431, 466, 493, 495, 499,

 Nicolaas-baai, 17, 344, 386, 431.       500, 505.

 Palma, 450.                      Strantwyck (G.), 8, 3350 466.

 Vincent, 282.                     Struys (A), 47, 91, 96, 101, 117, 245,

Stadlander (J.), 91.                     342, 345, 476.

Stangerus (J.), 470.                   Sumatra's Westkust, 2, 15, 45, 65, 66,

Steenhoff (B.), 574, 375, 387, 467.     68, 69, 81, 88, 119, 120, 126, 158,

Sterckenburgh (J. van), 119, 121, 3565. ' 139, 149, 157, 158, 163, 174 176,

Straat Banka, 115, 347349, 556, 502. 202, 205, 246, 278, 295, 313, 314,
 Malaka, 459.  3529, 340, 550, 595, 598, 405, 407,

 Soenda, 15, 1719, 28, 54, bl, 417, 418, 420, 421, 458, 449, 55,
66, 68, 84, 92-95, 99, 115, 116, : 465, 475, 476, 5O5, 5O4.

fan

Taboekan, 169, 561, 452.             Tana-raksa, 114.

Taboelan, 509, 3511.                  Tanette, 324.

Tadoenang, 22, 42, 79, 124, 143, 146,   (radja), 25.
161, 1653, 189, 255, 267, 290, 354,  Tangeran, 10, 20, 40, 60, 104, 124, 161,
566, 368, 391, 411, 426, 427, 458,   187, 211, 227, 256, 252, 265, 555,
481, 484, 507, 509.            590, 409, 458, 479, 481, 509.

Taelman (C.), 91, 545, 395. Tanoewangsa, 461.

Taets (W. J.), 408.                  Tapaki, 70.
Tafel-baai, 95, 102, 183, 220, 230.      Tartaren, 502, 464, 467, 505.
Tagal, 12, 22. 40, 42, 61, 63, 79, 81, , Tegenapatnam, 34, 95, 305, 3553.
103, 105, 124, 126, 143, 145, 161, : Tello, 72, 85, 97, 98, 106, 123.
163, 186, 188, 210, 213, 255, 238, (radja), 24, 25, 155, 165, 184, 523,
252, 254, 266, 510, 3534, 355, 365,   404.
368, 390, 592, 409, 411, 425, 427, Terhorst (H.), 90, 91, 121, 542, 545, 380.
458, 461, 480, 483, 507, 509.        Ternate, 9, 17, 18, 24, 26, 31, 113, 114,
Tagoelanda, 169, 361.                 123, 167170, 172, 173, 185, 195,
Taioean, 45, 46, 85, 92, 102, 201, 208,    245, 246, 249, 250, 279, 290, 319-
217, 259, 262 264, 271275, 203, 522, 324, 325, 333, 364, 355, 367
294, 298, 313, 5335, 352, 553, 3bb,   3561, 364, 378, 3587, 417, 420, 426,
575, 383, 491, 505.                  450, 452 454, 459, 475, 476, 505, 506.
Tambalang, 309.                    Ternatanen, 98, 3575359, 361, 376,
Tanara, 10, 20, 40, 60, 79, 104, 144, Terville (H.), 8, 3549.
162, 178, 184, 200, 242, 258, 266, Teuver, 305.
288, 308, 566, 390, 392, 409, 426, Texel, 282, 297, 341, 555, 572, 385, 381,
470, 472, 480.                  596, 398, 450.

Original from

Digitized by Google                          NEW YORK PUBLIC LIBRARY
