516                    REGISTER VAN PERSONEN- EN PLAATS-NAMEN.

Claessen (L.), 149.
 (B), 119.
Clant (J.), 442.
Cloon (F. van), 425.
Cnol (P), 121, 380.
Cochin-China, 67, 84.
Coddingh (J.), 156, 218.
Coehum (J.), 345.
Colbert, 283.
Colee (P.), 8, 90.
Collet, 48, 59, 110.
Cook (P.), 532.
Coolman (J.), 131, 385.

Coopman (P.), 88, 113, 120, 138, 202,

224, 228, 330.
Cops (J.), 75, 122, 175, 539, 436.

Dacres (H.), 470472, 474,

Dam (J. van), 227, 232, 242, 258, 294,

515.
Danielsen (J.), 119, 470.

Danisborg (fort), 38, 39, 95, 241, 249.

Dasi (singadja), 160.
David van Strantwyck (G. de), 76.

588, 454.

Corle (CG. 0), 450.

Cornelissen (C.), 150.
Correput, 297.
Costa (M. de), 3550.

 (P. de), 349.

Couper (J.), 19, 29, 30, 77, 84, 114, 123,

D

152, 158, 160, 175176, 177, 194,
918, 226, 248, 265, 265, 277, 284,
286, 294298, 318, 3526, 327, 339,
554, 364, 388, 416, 419, 432, 435,
451, 468.

Cracouw (G.), 90, 91, 542.

Cris (de), 333, 415, 420.

Croegh (GC. J.), 470.
 Croesen (F.), 91.

Diestpoort te Batavia, 13, 23, 44, 64, 82,

107, 130, 137, 147, 158, 160, 166,
180, 191, 214, 239, 256, 269, 292,
312, 538, 355, 370, 587, 594, 412,
429, 463, 486, 511.

Dinckels (J.), 91, 245.

’ Dingding (eiland), 193.
Deenen, 243, 247, 249, 250, 299, 354,  Diringo, 42, 79, 104, 124, 145, 145, 164,

Delft, 14, 93, 95, 102, 116, 198, 552,

312, 450, 492, 497.
Deli, 42.

Demak, 11, 18, 22, 31, 42, 61, 65, 98,
103, 118, 125, 126, 145, 155, 164,
186, 188, 210, 215, 256, 258, 252,
255, 267, 288, 290, 299, 500, 309,
510, 516, 554, 555, 366, 367, 587,

163, 186, 189, 210, 215, 256, 238,
254, 366, 590, 392, 409, 411, 426,
427, 469, 460, 481, 483, 507, 509.

 Disponteyn (D.), 3576.
Djambi, 3, 17-20, 22, 28, 54, 73, 75,

591, 408, 410, 418, 425, 427, 4B1,

458, 461, 481, 483, 507, bOg.

Denemarken, 3, 58, 95, 98, 241, 496,

505.
Derbent, 464.
Dico (CG. J.), 452.
Diest (H.), 200.

Digitized by Google

l

121, 123, 137, 151, 152, 156,
159, 175, 179, 220224, 239 -
231, 251, 258, 260, 261, 211,
374, 279, 288, 309, 315, 328,
336, 365, 367, 3735, 380382,
4035, 404, 416, 421, 430, 440,
442, 44bh49, 465, 474, 497,

502.

.   -neezen, 298, 446449.

Djoeana, 11, 19, 30, 31, 42, 50, 60, 62,

17, 79, 80, 104, 105, 114, 119, 134,

Original from

NEW YORK PUBLIC LIBRARY
