REGISTER VAN PERSONEN- EN PLAATS-NAMEN.

Bombay, 259.

Bonang, 12, 42, 78, 105, 105, 126, 145,
162, 165, 186, 188, 211, 212, 254,
482, 509.

Bone, 454.

 (radja), 25, 196.

Bongas, 204.

Bono, 366.

Bonthain, 24, 366.

Borang, 124.

Borges da Silva (J.). 274, 275, 281, 542.

Borghorst (J.), 16, 357, 55, 71, 94, 95,
102.

Borneo, 366.

Bort (B.), 1, 2, 19, 28, 48, 121, 122,
181, 195, 209, 227, 259, 271275,
293, 513, 3550, 348, 549, 572, 584,
404, 405, 408, 415, 418, 4350, 459,
467, 489, 491.

Boudaen, 371.

Boudewyns (P.), 287, 3517, 588.

Boulan (J. de), 90, 91, 277, 280,
542, 345.

Bout (P. J.), 549, 550.

Brahan, 366, 568, 425, 460.

Brebes, 104, 145, 187, 211, 238,
566, 409, 427, 481, 510.

Breen (G. van), 24, 106, 571.

Brelius (T.), 149.

Bremer (J.), 8, 75, 3530.
Brevinck (A.), 245.

Broeck (M. van den), 94, 95, 230,
Broecq (H. van den), 4553.

Broek (P. van den), 452.
Brouwerius (D.), 49, 475.

Buren (redoute), 424.

Burgh (P. van der), 453, 451, 476.

, Butler (D.), 464, 467.

C-

Caef (W.), 5, 53, 40, b1, 54, 66, 68, 75,
85, 153, 153, 148, 151, 153, 185, 201,
202, 208, 217, 229, 231, 242, 245,
247, 249, 250, 258260, 262, 264,
273, 281, 298, 501, 513, 318, 527,
552, 552, 355, 564, 572, 375, 403,
415, 450, 435, 457, 449, 465, 468,
414, 487, 495, 502.

Caesar (C.), 351.
 (M.), 24, 96, 115, 209, 260, 351,
489.

Camp (A.), 260.

Camphuys (J.), 115, 208, 245, 351, 348,

564.

Caron (F.), 357, 371, 373, 582, 583, 586,
589, 402, 404, 416, 420, 452, 455, 451.

Carvallo (B), 50.

Casembroot, 500.

Caulier, 306, 478.

Ceilon, 15, 16, 94, 9, 102, 110, 111,
159, 140, 150, 151, 177, 192, 195,

Digitized by Google

am

Ch

250, 242,
350, 3571,
4355, 438,

456, 467, 475,
Celebes, 24, 3521.
Ceram, 465, 466, 496, 505, 506.

202,
529,
597,

251, 278, 281,
312, 379, 387,
4642, 450452,
474, 479, 493,

162, 164, 186, 188,
258, 252, 254, 266,
310, 335, 355, 3471, 566, 568,
592, 408, 410, 426, 427, 457,
478, 479, 482, 483, 507, 5O9.

China, 96, 101, 105, 208, 275, 280,
3351, 355, 568, 592, 508.

210, 215,
288, 290,

bib

528,

254,

285.

507,
588,
455,
505.

eribon, 5, 12, 22, 40, 41, 46, 61, 62,
79, 80, 104, 105, 124, 126, 143, 14b,

256,
508,
590,
460,

281,

Chineezen, 4, 31, 91, 92, 152, 135, 141,

151,
274,

152, 156, 258, 265,
277, 286, 287, 294,
298, 515, 555, 552, 555,
587, 402, 404, 406, 420,
487, 496, 5OO, 505, 504.

271,
295,
515,
451,

Original from

275,
297,
585,
452,

NEW YORK PUBLIC LIBRARY
