b22                 REGISTER VAN PERSONEN- EN PLAATS-NAMEN.

Lucasze (A), 408.                   Luyrelius (W.), 119.

Lucipara (eiland), 547, 348, 350, 556, 374. , Lydema (J.), 456.
Luton (D.), 98, 226, 248.            Lyn (van der), 67.

ML.

Maas (rivier), 372.                Malabar, 29, 140, 177, 278, 319, 529,

Macao, 28, 33, 4l, 55, 753, 85, 93,   596, 397, 452, 464, 467, 473, 474.
100, 105, 117, 127, 155, 229, 245, Malaka, 1, 2, 8, 10, 11, 16, 19, 20, 27,
252, 272, 274, 275, 280, 281, 287,       28, 40, 42, 48, 50, 565I, 61,
289, 2935, 295, 3501, 302 528, 335.      63, 114, 115, 117, 118, 121-
542, 355, 368, 383, 586, 390, 392,      1235, 125, 126, 133, 154, 146,
496.                          164, 174, 176, 177, 181, 187,

Madagascar, 58, 185, 284.      188, 192, 193, 195, 209, 212,

Madras, 470, 496.       216, 219, 227229, 231, 233,

Madraspatnam, 152, 282, 552, 474.       2435, 247, 252, 259, 264, 266,

Madura, 42, 50, 79, 105, 125, 126, 144,        267, 271273, 285, 288, 290,
146, 162, 164, 186, 210, 213, 255,      293, 295, 300, 309, 311, 315,
267, 346, 3547, 409, 481, 507, 509. j      516, 350, 555, 347, 349, 356,

Mahomed-sjah, 205.                     372, 384, 591, 392, 404, 406,

Mainstone, 5, 178, 179, 3540.                408, 410, 415, 418, 421, 425,

Majoetla, 309.                   4271, 430, 4355, 438, 439, 44l

Majotsche eilanden, 475.                   443, 446, 452, 455, 459, 460,

Makasar, 4, 11, 17-19, 22, 24, 26, 31,        465, 467, 469, 472474, 481,
41, BO, 51, 60, 61, 72, 75, 7678, 80,        489, 493, 502, 507, 510.

81, 84, 88, 97, 102, 103, 105, 114, (straat), 241.

118, 123, 125, 126, 134, 140, 141, Maleiers, 31, 72, 141, 152, 276, 278,
144, 145, 152, 159, 161, 163, 167 553, 347, 442.
170, 172, 177, 179, 181, 182, 184 Mamoni, 168.
186, 188, 195, 196, 201, 210, 212, Mandarsjah, 168, 173, 3519, 524, 525.
217, 228, 299, 257, 246, 254, 260, Mandhar, 72, 104, 162, 169, 360, 406,
267, 290 317, 320, 3225327, 534, ' 420, 454.
340, 344, 346, 347, 350, 564, 355,  Maneter (eiland), 113, 500.
558, 559, 561, 564, 566, 368, 374, ' Mangarai, 11, 162.
3517, 378, 387, 390, 404, 409, 411,  Mangindano, 507.
417420, 423, 425, 427, 452, 454,  Mangiti, 169.
437, 439, 450454, 458, 461, 468, Manila, 28, 41, 85, 100, 152, 133, 208.
676, 481, 483, 491, 492, 496, 497, 229, 271 -274.
505, 506, 508, 509.              Mapasompa, 125, 168.

Makasaren, 26, 50, 97, 171, 574, 406, Mapule, 418, 423, 436.

 Marchier (C. B), 451.
' Mardykers, 12, 23, 43, 48, 65, 72, 82,
107, 129, 131, 146, 165, 184, 190,

451, 455, 457, 410, 475.
Makian, 115, 554, 360.
Malabaarsch kwartier te Batavia, 505.

Original from
NEW YORK PUBLIC LIBRARY

Digitized by Google
