524

REGISTER VAN PERSONEN- EN PLAATS-NAMEN.

OO.

Ockerse (O.), 24, 51, 55, 65, 227, 280,

295, 298, 419, 438, 473, 475.

Ontong-Djawa, 187, 211, 258, 458.
Oppynen (J. van), 18, 177, 521, 491.

Oedjoeng-pandan, 321 -523. 326, 359,363.  Osmedos de Suras (baai), 220, 231.

 -salang, 67, 68, 84.
Oedoeg, 104.
Oelakan, 70.
Ohrsen (J. d’), 156, 157.
Onrust, 271, 450-459.
 (Engelsch), 403.

Outhoorn (W. van), 24, 244, 3565, 380,

4715.

 Overbeke (A. van), 492, 495, 497.
 Overtwater (J.), 3565.

,    (P. A), 9, 17, 31, 119, 150,
173, 260, 262, 354, 441, 450, 472.

P.

Padang, 10, 20, 42, 6971, 202204,
247, 252, 266, 288, 309, 354, 355,
398, 3599, 410.

Padjang-koenang,
297, 346, 377.

Padjarakan, 144, 409, 481.

Pahang, 255, 288, 3355.

Paliakate, 33, 37, 55, 93, 117, 123, 158,
159, 167, 175177, 195, 197, 242,
265, 282, 3504307, 3553, 423, 424,
433, 473.

Pamalang, 12, 20, 40, 42, 62, 78, 105,
105, 124, 126, 145, 162, 163, 187,
189, 211, 213, 255, 238, 252, 254,
509, 334, 335, 365, 368, 592, 425,
459, 461, 480, 485, 508, 510.

Pamanoekan, 12, 42, 60, 62, 78, 80, 104,
105, 124, 144, 145, 161, 164, 186,
187, 210, 213, 256, 238, 252, 254,
967, 290, 309, 310, 35354, 535, 566,
368, 590, 392, 409, 410, 425, 427,
458, 461, 480, 481, 483, 507.

Palaka (radja), 24, 25, 125, 167, 168,
181, 185, 196, 35235, 326, 327, 3559,
452, 464.

Palembang, 10, 12, 26, 27, 31, 52, 40,
47, 6062, 73, 75, 79, 105, 117, 118,
121-1235, 125, 126, 145, 164, 184,
187, 188, 194, 211, 212, 227, 231,

155, 277, 284, 287,

Digitized by Google

244, 250, 252, 354, 259, 265,

277279, 288, 290, 309, 311,

526, 328, 5530, 554, 535, 556,

568, 574, 3579, 392, 404406,
409, 411, 418, 421, 425, 427, 439,
441, 459461, 466, 468, 482, 483,
496, 500, 505, 508, 509.

Palembangers, 449, 465, 496, 497.

Pampangers, 151.

Panaroekan, 507.

Panpenaar, 305.

Pantjana, 558, 559, 454.

Paranauw (F.), 1351, 3583.

Pariture, 195, 196.

Parijs, 185.

Pasaman, 204, 399.

Pasir, 12, 22, 164, 188, 213, 238, 416.

Pasirakan, 143.

Pasir-ikan, 165.

Pasoeroean, 104, 127, 187, 211, 238, 567.

Patani, 10, 367, 480, 508.

Patikoe (radja), 25.

Patoe-dioe (radja), 24, 25.

Patoepangan, 204.

Pau, 69, 158.

Pauw (P.), 42, 81, 107, 128, 190, 200,
207, 225, 226, 337, 462, 485, 499, 502.

Pavillioen (A.), 34, 37, 55, 93, 123, 159,
116, 197, 264, 305, 306, 308, 539,

255,
272,
517,
565,

Original from
NEW YORK PUBLIC LIBRARY
