REGISTER VAN PERSONEN- EN PLAATS-NAMEN.                 581

Japan, 11, 22, 32, 3535, 5, 58, 67, 75,
19, 81, 88, 95, 100, 117, 120, 121,
131, 132, 154, 158, 1359, 147, 161,
152, 154, 156, 159, 160, 164, 167,
177, 182, 184, 196, 227, 228, 242,

231, 2358, 239, 241, 242, 244, 246,
248, 251254, 256, 259, 262, 271,
280282, 287, 289, 290, 292, 297,
298, 519, 524, 525, 528, 3556, 557,
545, 546, 570, 571.

252, 262, 278, 279, 316, 317, 554,  Japoan (J.), 267, 268.
348363, 355, 367, 361, 366. Javanen, 4, 28, 62, 81, 86, 99, 101, 105,

Japaneezen, 116.

Japansche veld (het) te Batavia, 176.    1

Japara, 4, 17, 2125, 26, 52, 60, 61,
67, 72, 73, 79, 82, 84, 8789, 91,

146, 150, 175, 188, 192, 211, 224,
233, 258, 260, 281, 290, 301, 305,
529, 559, 546, 547, 351, 353, 360,
513, 574.

92, 9597, 100, 101, 105, 104, 106, - Java’s Oostkust, 24.
108, 109, 115, 121, 129, 151, 152, Jongh (H. de), 186.

156, 142, 145, 149, 150, 165-166,
168, 169, 171, 174, 175, 185, 188,

 (M. de), 8, 75, 114, 198, 199, 216,
225, 242, 515, 3528, 362, 365.

197, 206, 209, 212, 219, 2235, 239, . Jonker (kapitein), 10, 181, 182, 569.

en

Kaap de Goede Hoop, 2, 15, 16, 51, 63,
65, 75, 77, 99, 106, 116, 122, 125,
129, 131, 153, 155, 137, 140, 159,
161, 162, 175, 184, 185, 192, 195, ;
199, 205, 220, 221, 260, 263, 292,
293, 308, 3520, 548, 3553.

Kaelor, 127.

Kaidoepa, 49.

Kai-tsoe, 54, 66, 71, 79, 81, 99, 159,
188, 218, 254.

Kalamata, 41, 45, 44.

:    (kitjili), 268.

Kali-Angin, 242.

 -Anjar, 27, 170, 256, 297, 356, 337,
370, 373.
 -Gangsa, 144.

Kalikoet, 29.

Kali-Sapoe, 82, 110.
 -Woengoe, 5536.

Kalpatin, 107.

Kaluture, 107.

Kambodia, 17, 24, 54, 59, 60, 78, 81,
162, 163, 209.

Kandang-Auer, 254, 297.

Kanton, 144.

Karang-Anjar, 129.

Karimon, 12.

Karinganau, 1464.

Karti Sarana, 92.
 Sedana, 150, 164.

 Katauen, 25, 83, 109, 111, 170.

Keerdekoe (S.), 159.

Kelck (D.), 82, 152.

Kemp (P.), 175.

Kendal, 25, 26, 109, 111, 149, 144, 170,
171, 207, 209, 229, 250, 256, 297,
558, 571.

Kepper (J.), 117.

Keracrous, 291.

Keyser (L.), 148.

Kiadoepa, 267, 271.

Kimegang, 102.

Klencke (H.), 140.

Klencke (J. van), 87.

Kleyer (A), 140, 159, 161.

Klinckant (G.), 544, 364.

Kananoor, 107.                  , Koeboe (spruit), 190, 192.

Digitized by Google

Original from
NEW YORK PUBLIC LIBRARY
