REGISTER VAN PERSONEN- EN PLAATS-NAMEN.                 517

127, 144, 145, 155, 162, 186, 189,  Dompo, 177, 354, 363, 364, 491.
Bil, 213, 254, 289, 509, 353, 538,  Doornicq (B. van), 452.
554, 366, 390, 392, 408, 410, 425, Driesen (J. van), 119.
527, 459, 480, 484, 507, 509.      Dubbeldecop (W.), 24, 278.
Djohor, 10, 20, 61, 96, 101, 157, 220 Duinkerken, 502.
223, 227, 228, 235, 22, 266, Duins, 383, 384.
271, 290, 298, 381, 3582, 446, Duizend eilanden, 115, 117.

447, 5607. Dussen (L. van der), 29, 120, 151, 589,
 -reezen, 328.               396, 407, 456, 464.
Djotang, 79, 104, 124, 145, 162, 186, Dwars in den weg (eiland), 19, 117, 532,
189, 911, 255, 367, 510.              396.
Ei.
Eggersen (H.), 39, 242.   179, 193, 201, 218, 252, 243, 248

Engeland, 3, 17, 38, 95, 152, 155 157,    250, 258260, 272, 301, 353, 342,
179, 184, 195, 194, 201, 202, 220,  545, 555, 580. 404, 418, 451, 435,
229, 251, 249- 244, 247, 250, 259,   470, 487, 505, 506.

262, 352, 540, 387, 398, 4035, 404, Enkhuizen, 14, 19, 20, 95, 100, 198,
415, 421, 431, 435, 437, 465, 469,    224, 355, 585, 396, 598, 498.
471, 487, 491, 502, 504, 505.     Erbervelt (P. J.), 354.
Engels (T.), 3595.                    Erkelanchem, 4566.
Engelschen, 17, 28, 40, 85, 91, 92, 100, Es (D. van), 565.
120, 148, 149, 151, 162, 156, 178, ' Europa, 152, 502.

FE"
Falso (kaap), 387.               Frankrijk, 16, 34, 47, 152, 185, 251,
Fauconier (J.), 47, 48, 59, 109, 110.     285, 451, 4352, 435, 451, 5O2.
Feirera (J.), 281.                     Franschen, 219, 220, 250, 231, 259, 285,
Ferment (J.), 387.                    402404, 420, 431433, 4571, 439,
Feron (H.), 27, 91, 116, 119, 262, 285.    449, 451, 465, 467, 487, 502, 505.
Finisterre (kaap), 183.           Franx (C.), 348, 3549, 356, 3574, 405,
Formosa, 208, 259, 260.                 428.
Foxcroft (G.), 470472, 474.           Frontenius (F.), 430.

Gr.
Galisse (A. van), 349, 356.             Geere (J. de), 408.
Gallas (L.), 197.                    Geesten (J. van), -17.
Gamron, 456, 464.                   Geldria (kasteel), 456.
Garoeda, 103.                     Gillis, 415.

Original from

Digitized by Google                          NEW YORK PUBLIC LIBRARY
