514

REGISTER VAN PERSONEN- EN PLAATS-NAMEN.

B.

Babay (H.), 3530.

Baboeti, 171.

Backer, 401, 466.

    (T. M.), 332, 352, 575, 405, 416.

Baixos de Padua, 120.

Bajang, 203, 204, 399, 401.

Baka (radja), 454.

Bakliangan, 162.

Bali, 42, 61, 80, 103, 125,
161, 187, 210, 235, 355,
409, 459, 460, 480, 507.

Balimboangan, 5, 18, 85.

Balineesch-kwartier te Batavia,

Banda, 5, 9, 51, 79, 85, 98,
146, 149, 162, 163, 174,
317, 218, 2352, 257, 247,
267, 529, 34b, 346, 552,
406, 425, 434, 456, 450,
476, 477, 485, 501.

Bandanezen, 131, 378.

Bandjar, 22, 79, 104, 144, 145, 161, 165,
187, 188, 211, 2153, 255, 257, 254,
266, 333, 366, 368, 590, 592, 409,
411, 427, 458, 461, 481, 485, 508,
50g.

Bandjermasin, 6, 161, 181, 182, 209, 274.

Bangkala (radja), 25.

Banka, 449, 465, 466, 468, 496, 505.
 (eiland) bij Menado, 169.

144, 148,

157.
125, 144,

248, 258,
5b4, 565,
451, 458,

272.

Bantam, passim.
 -mers, 458.

Bareu (J.), 451.

Baros, 45, 61, 66-68, 70, 84, 188, 204,
258, 263, 264, 295, 296, 500, 516,
317, 592, 599, 410, 427.

Basangan, 115.

Bassora, 111, 112, 142.

Batang, 11, 187, 211, 215.

Batikalo, 555, 354, 572, 575, 456.

Digitized by Google

Batjan, 115, 168, 172, 246, 3554.
Baukes (N.), 90, 245, 542.
Beeck (D), 152, 345.

Beecq (H. van), 296, 319, 421, 468, 485.

Been (A. van der), 90, 115, 343.

 Bekasi (rivier van), 179.

566, 390,

189, 212,

Bogaert (A),

Bolceq (D. van

 Bekendorp (H.), 227.

Belien (radja), 26.
Bengale (D.), 350.
Bengalen, 1, 5, 15,
115, 121-123,
177, 179, 180,
221, 259. 257,

56, 42, bb, 75, 103,

155, 136, 142, 176,

190, 192, 195, 195,

269, 283, 515, 351,
343, 549, 364, 583, 584, 589, 401,
402, 408, 439, 443, 457, 467, 469,
470, 475, 474, 485, 488, 490.

Bengkalis, 105, 255, 252, 289, 461.

Bilawa, 454.

Billiton, 426.

Bima, 22, 177, 181, 188, 237, 254, 267,
290, 354, 363, 364, 484, 491.

Bintaim, 454.

Bischoff, 55.

Blauwmeulen (J.), 260.

Bliek (J.), 440.

Blitar, 18.

Bodong, 12, 211, 254, 565, 568, 592,
459, 460, 481, 483, 508, 509.

 Boegineezen, 98, 102.
 (straat), 51, 32, 260, 265, 271,
 Boeloe-boeloes, 237, 324.

Boengaja, 560, 561.

Boeton, 79, 103, 145, 163, 168, 175,

Boekit-boeloes, 1358.

195, 196, 210, 213, 237,
266, 311, 320, 521, 347,
566, 374376, 390, 592,
484, 491, 492, 505507,

187, 189,
246, 254,
357 5u9,
427, 459,
509.

101, 159, 259, 3574, 395,
hh1, 442.

den), 417.

Original from
NEW YORK PUBLIC LIBRARY

En a nn
tenten En antenne OE OT
