REGISTER VAN PERSONEN- EN PLAATS-NAMEN.                58

Djaga-pati, 227.

Djaja Menggala (kiai), 253.

Djambi, 48, 51, 65, 75, 89,
145, 14b, 147, 158, 162,
218, 2235, 228, 229, 257,
276, 280, 296, 297, 502,
558, 540, 557, 558, 571,

Djambineezen, 171, 276.

Djankongan, 147, 149, 208, 210, :
248, 2853.

Djasoeta (kentol), 68,

Djening, 18.

Djepelau (goegoegoe), 262, 270, 272.

Djoeana, 12, 21, 43, 6770, 735, 191,
158, 147, 149, 159, 160, 180, 182,
192, 206, 206, 209, 210, 214, 222,
3228, 237, 258, 245, 244, 247, 249,
255, 276, 281, 283, 287, 288, 290
292, 297, 318, 520, 527, 528, 335,
546, 375, 375.

Djoe Machar Gamalama, 18, 266268,
554, 355, 560.

'

ed

en en en

ee

 Dodinga, 553.

Does (J.), 122.

Domong, 48, 75, 120, 121, 125, 128,
129, 156, 154, 159, 160, 164, 165,
167, 168, 176, 185-187. 189, 192,
205, 206, 214, 219, 221 -225, 225
227, 255, 255, 257, 258, 241, 245,
255256, 258, 529, 556, 545, 568.

Dompo, 15, 17-19, 155, 262, 265,
559.

Doncker (W.), 194.

Donlopes (G.), 9.

 Dorpentaka, 65, 88, 98.

Dorre (J. van), 570.

Driessen (J. van), 556.

Dabbeldecop (W.), 12, 40, 49, 92, 95,
104106, 150, 188, 196, 204, 225,
260, 261, 274, 295, 516, 525, 529,
545.

Dugheyn (A. D.), 3549, 351, 555, 554.

 (5), 266, 268, 274, 348- 552.

Duins, 156, 175, 178, 504.

Djohor, 20, 42, 65, 80, 89, 218, 249, ' Duizend-eilanden, 35, 46, 47, 145.
257, 378, 297, 379.               Dupr (D.), 74, 78, 287289.
Djohoreezen, 63, 145, 171, 216, 218,  (P), 557.
275, 276.                       Dyck (J. van), 272, 546.
Djonti, 81, 82.                      (M. van), 525.
Djotan, 48.
Ei.
Egbertz (H.), 6, 40, 129, 155, 136, Engels (T.), 52, 122.
160, 164, 166, 178, 195, 557,  Engelschen, 17, 55, 37, 58, 56, 65, 64,
340.                      73, 80, 87, 95, 102, 105, 155, 144,
 (3), 265.               146, 159, 160, 176, 188, 217, 218,
.    (O.), 78.                     329, 231, 257, 259, 261, 275, 276
Egosia Ragia, 185, 255, 299.            378, 289, 296, 500, 372, 340, 344,
Elmers (P.), 121.                     555.
Elsas, 219.                         Enkhuizen, 30, 52, 155, 509, 514, 315,
Engeland, 8, 17, 50, 52, 91, 102, 109,          518.
135, 140, 191, 218-220, 267, 259,    (halve maan), 577.
261, 263. 279, 296-298, 551, 555,  Estachan (Sjah), 155.

558.

Digitized by Google

Original from
PENN STATE
