594

REGISTER VAN PERSONEN- EN PLAATS-NAMEN.

Soemoer, 21, 42, 45, 247, 249, 282, 283,  Speckman (R.), 293, 329.

519, 521, 5735, 3575.

Soentar (rivier de), 184

Soerabaia, 15, 16, 21, 48, 67-69, 76,
97, 121, 125, 158, 167, 205, 256,
242, 249, 527, 3574.

Soera Menggala (pangeran), 260.

Soerate, 14, 15, 20. 36, 38, 46, 48, 553,
bb, 56. 58, 64, 75, 82, 96, 100, 155,
157, 145, 152, 157, 185, 188, 191,
207, 214--216, 218, 265, 271, 277,
278, 280, 288, 500, 555.

Soesoehoenan, 15, 16, 27, 359, 40, 48,
567, 67-71, 7479, 96, 97, 121, 125,
127, 157. 160, 165, 185187, 192,
205 207, 215, 221, 222, 226, 227,
256340 242, 2532bb, 258, 270,
286, 290, 291, 297, 326, 527, 529
551, 553, 534, 567, 569.

Solor, 161.

Sond (de), 191, 298.

Sonnabai, 161, 162.

Sonnabaiers, 153.

Soolmans (I,), 121.

Sopeng, 105, 223, 294.

Solja, 257.

Soury (J.), 109.

Sowako, 10.

Spangie (P.), 532.

Spanjaarden, 76, 267, 274.

Speelman (C.), 3, 5, 10, 17, 94, 104,
105, 109, 198, 203, 214, 223, 240,
261, 265, 272, 275, 293, 294, 309,
550353. 336, 540, 544, 366, 3567,
559, 361, 566570.

Spel (G.), 323.

Spyck (J. van der), 80, 88, 201, 340.

S' Jago, 231.

S' Thom. 56, 278.

Steents (J. J.), 217.

Sterre (C. van der), 171.

Straat Banka, 36.
 Madura, 75.

 Soenda, 14, 29, 56, 47, 49, 80,
85, 89, 136. 137, 163, 164, 175, 178,
191, 202, 229, 250, 506, 516.

Strantwyk (G. de David), 280, 298, 505,
309, 516, 555.

Struys (A), 4. 11, 17, 30, 32, 34, 55,
49, 109, 1350, 195, 215, 287, 535.

Stryckersbergh (A), 9.

Sumatra's Westkust, 25, 40, 45, 50, 72,
100, 172, 203, 220, 244, 305, 507.

Swenne (B. van), 194.

Symons (H.), 194.

Symonsz (J.), 200, 536, 557.

 (N.), 198.
.    (P.), 2, 200.

rr.

Taboekan, 274.

Tack (F.), 122, 189, 224, 225, 241, 244.

Tadoenang, 147, 283, 320, 3521.

Taelman, 351.

Tafel-baai, 176.

Tagal, 19, 31, 41, 43, 58, 60, 81, 82,
111, 113, 147, 149, 180, 182, 208,
210, 247, 248, 282, 283, 318, 321,
356, 358, 373, 3576.

Tagoelanda, 274.

Digitized by Google

Taioean, 17, 35, 135.
Talawarana, 201.
Tambora, 17, 963, 266, 268, 269, 559.
Tamessen (A), 195.
Tamparan (radja), 294.
Tampora, 224, 226, 238.
.    (rivier), 169.
Tanara, 58, 60, 81, 111, 148, 209, 282,
283, 374.
Tandjoeng-prioek, 5.

Original from
PENN STATE
