588

Linkes (krang), 295.

Lissabon, 300.

Lit-soeko, 36.

Lobs (J.), 55, 56, 196, 233, 272, 288.
Loehoe, 3, 189, 204, 2235. 274, 295, 545.
Loehoeneezen, 260.

Lohir, 3541.

Lole, 161.

Lombok, 375.

Lomo Tibon, 48.

Londen, 220, 298, 304.

Lonthoir, 261.

REGISTER VAN PERSONEN- EN PLAATS-NAMEN.

Lor (pangeran aria), 47, 1435145, 152,
171, 187, 259, 260, 262, 265, 2753,
279, 295, 297, 507, 3552.

Losi, 201.

Lotharingen, 219, 505.

Lonadin (datoe), 2358.

Lucas (H.), 299.

Luchtenburgh (M. van), 9, 117, 193, 570.

Lucifer (W.), 194.

Lusvelt (IL. V.), 115.

Lutgens (J.), 122.

Luyrelius (W.), 9, 154.

ML.

Maas (de), 169, 507.

Maba, 3553.

Macao, 4. 16, 19, 73, 76, 109, 216, 278,
574.

Madagascar, 157.

Madoere, 53, 185.

Madras, 50, 54, bb, 296.
 -patnam, 160, 278.

Madura, 359, 42, 43, 48, 60, 67, 70, 160,

167, 168, 192, 205, 206, 222,
226, 2335, 235-2357, 243, 255,
254, 288, 290, 292, 298, 526,
3527, 550, 531, 555, 367, 3568,
3510, 575.

    (straat), 222.

Maduratna (radja), 289, 290, 353.

Madureezen, 192, 207, 226, 254, 256,
270, 274, 275, 279, 286288, 291,
292, 296, 297, 503, 3273350, 352
334, 3536, 344346, 556, 558, 561,
3673571.

Majoeda, 5, 9, 10, 18, 94, 9, 106, 272,
341, 3542, 547, 550.

Makasar, 5, 6, 12, 17, 18, 21, 26, 39,
40, 49, 60, 9295, 105, 105, 121,
135, 130, 1358, 155, 157, 159, 160,
167, 168, 178, 181, 186, 188, 196,
204, 206, 223, 224, 240, 243, 949,

Digitized by Google

260, 261, 263, 265267, 272274,
2835, 293, 294, 3516, 320, 595, 329,
340, 354b, 548, 559361, 564, 366.

Makasaren, 4, 6, 9, 15 17, 19, 27, 38
40, 45, 47, 48, 52, 63, 6671, 7579,
95, 96, 97, 106, 109, 120, 121, 125,
128, 129, 153, 137, 138, 143, 155,
154, 157, 160, 161, 165167, 169,
177, 178, 185187, 189, 192, 205
207, 213, 219, 221228, 234-243,
253 255, 257261, 270, 2735275,
279, 280, 287, 288, 292, 294, 297,
528, 545, 361, 367, 3568, 370.

Makian, 11, 18, 351, 352.

Malabar, 53, 55. 56. 73, 101, 110, 190,
196, 207, 219, 220, 223, 2312333,
272, 288.

Malaka, 2, 4, 5, 19, 356, 41, 43, 60, 73,
75, 76, 88, 103, 105, 111, 1135, 148,
182, 216, 220, 222, 223, 244246,
259, 2635, 270, 271, 276, 277 279,
286. 288, 289, 296, 297, 299, 303,
306, 508, 322, 3253, 332, 336, 338,
539, 374, 375.

Malapati (kiai), 121.

Maleiers, 16, 22, 25, 39, 48, 61, 65, 98,
99, 129, 168, 191, 202, 225-225,
238. 241, 242, 279, 357.

Original from
PENN STATE
