586

Janssen (D.), 64, 119, 188, 198.
.  (F.), 200.

.   (1), 196.
.   (N.), 198.
   (P.), 200.

REGISTER VAN PERSONEN- EN PLAATS-NAMEN.

525550, 552554, 3356, 340, 344
546, 556558, 561, 3565, 3673569,
515, 3575.

Javanen, 15, 16, 22, 23, 27, 39, 40, 64,

Japan, 9, 17, 35, 56, 76, 88, 89, 98, 99,

123, 126, 152, 286, 537, 538.
Japaneezen, 55.

Japara, 8, 11, 12, 1517, 20, 26, 38
41, 45 -48, 62, 60, 63, 6671, 74

79, 81, 82, 85, 96, 97, 103, 111,
120, 121, 124, 125, 127-129,
1361359, 147, 149, 157, 159,
164, 165, 167, 176178, 180,
185189, 192, 204208, 210,
221223, 226-228, 233 255,
243, 244, 246, 953 257, 260,
370, 275, 276, 278281, 283,
288, 292, 293, 296, 297, 319,

Kaap de Goede Hoop, 13, 14, 16, 24 27, 29,

350, 56, 80, 85, 86, 89, 91, 101, 107, 108,
140, 142, 152, 154,
172176, 178, 179, 202, 204,
229 231, 250, 251, 262, 304, 305,
507, 3508, 3514, 3163518, 358, 569.

136,   157,   159,
169,

Kabon, 76,

Kadendan, 269.

Kaidipan, 274.

Kai-tsoe, 356.

Kajeli, 247, 249, 283, 3193521.
Kako, 33, 354.

Kalamata (prins), 6, 17-19, 9395,

265, 540, 547, 348, 361.
.    (wed.), 196, 206.
Kali Anjar. 21.
 Sapoe, 20, 60.

 Woengoe, 19, 21, 113, 248, 574.

Kambodia, 58, 148, 247, 340.

Kanara, 5b, 110, 120, 217, 300, 306.

Kandang-Auer, 60.

Digitized by Google

112,
155,
160,
182,
215,
257,
266,
286,
521,

EK.

46, 48, 52, 57, 62, 65, 6669, 71,
16, 77, 835, 96, 97, 119121, 128,
129, 137, 158, 1453, 150, 151, 160,
165169, 177, 184, 186, 187, 192,
205207, 212, 218, 221, 222, 226,
227, 2534-242, 252, 255, 258, 259,
262, 265, 270, 275, 285, 287, 288,
292, 296, 324, 525, 5273530, 3529
554, 540, 544546, 556, 369, 377.

Jeveren (R. J. van), 194,
Jongelingh (A.), 196.
Jongh (D. T. de), 92, 201, 340.

       (M.  de),  548.

Jonker (kapitein), 2.
Jurriaansen (P.), 200.

Kandate (Kendalf), 210.
Kanton, 17, 32, 35, 45, 52. 68, 80, 122,

150, 151, 153, 154, 316, 339.

Karang-Anjar, 208, 283, 373.
Karangenan, 159.

Karr (J.), 130.

Karti

Sedana, 15, 16, 222.
.   Taroena, 68.

Kat (S.), 185.
Kata, 169.
Katauen, 147, 181.
Kati Moela, 201.

Kaudewar, 207.

Kdah, 75, 278.
Keerdekoe (S.), 193.
Kelck (D.), 9, 122.
Kendal, 248, 319, 3520.
Kepper (J.), 73, 250.
Ketelaer, 153.

Keulen (J. van), 193.
Keyser (L. de), 122, 194.

Original from
PENN STATE
