580

REGISTER VAN PERSONEN- EN PLAATS-NAMEN.

B.

Bacherus (J.), 280.

Back (D. den), 304.

Bagoes, 5, 201.

Bakari, 272.

Bali, 60, 135, 147, 177, 181, 209. 246,
519, 3521.

Balimboangers, 166.

Balineezen, 22, 191, 202, 203, 3557.

Balingoange, 290.

Banda, 11, 12, 21, 26, 27, 57, 44, 66,
95, 105, 104, 122, 124, 128, 155.
182, 204. 217, 225, 260, 283, 321,
525, 339, 557, 361, 362, 569, 375.

Bandaneezen, 200.

Bandjar, 21, 58, 111, 112, 147, 149,
181, 249, 281, 2835, 295, 294, 319,
520.

Bandjermasin, 4, 60, 99, 109, 154, 355,

Banggai, 247.

Banka, 16.

Bantam, 4, 8, 9, 11, 16, 17, 19, 21,

5558, 42, 45, 46, 47, 51,
55, 54, 56, 58, 60, 65, 64, 66,
11, 75, 80, 82, 95, 96, 102,
105, 108, 109, 111, 112, 119,
155, 136, 1435145, 147, 149,
152, 156, 165, 170, 171, 180,
182, 187, 188, 191, 207, 208,
210, 216219, 229-231, 238,
246, 248, 250, 256, 257, 259,
260 265, 265, 275, 279, 280,
282, 285, 295298, 502, 503,
50b507, 518, 521, 331, 532,
555, 557, 558, 544, 545, 355
557, 569, 3713573.
 (hoek van), 49.

 mers, 5, 190, 260, 276, 544.

Bardua, 296.

Baros, 204.

Bartelsen (C.), 32.
Bartholomacus (D.), 199,

Digitized by Google

Bastiaansen (D.), 199.
’    (E.), 62.
.   (J.), 155.

Bastinek (W.), 104, 105.

Batang, 21.

Batikaloa, 255.

Batjan, 6, 18, 274,

Baukes (N.), 9, 154, 194.

Bawean, 319, 520.

Bax (J.), 29, 30, 85, 91, 108, 137, 176,
179, 204, 251, 262, 3508, 316, 518,
359.

Bebber (J. H.), 131, 195.

Beccary, 341, 543.

Beeck (D van der), 122, 203.

Beeckman (S.), 195.

Beeckum (A. van), 9, 122, 336.

Bekasi, 2.

Bellesore, 49, 51.

Bengalen, 1, 24, 25, 47, 49, 51, 53, 54,
64, 89, 100, 106, 118, 119, 1353, 154,
157, 164, 188, 196, 270272, 277,
278, 280, 288, 297, 298, 523.

Bengkalis, 42, 43, 60, 81, 371, 3574.

Benth (F. L.), 55, 255, 272, 286.

Berenbergh (C.), 109.

Berghoogen (D.), 241.

Beijeren, 305.

Biligam, 65, 185.

Biliton, 529, 344.

Bima, 6, 17, 58-40, 155,
225, 258, 265, 264, 266,
293, 519, 521, 359.

Bimaneezen, 653.

Bimelepatnam, 246, 295, 296.

Bitter (J.), 556.

Blaeuwet (J.), 119.

Blieck, 251.

Blitar (pangeran), 222, 223,
290.
 Block (J.), 504.

156, 159,
269, 270,

227, 255,

Original from
PENN STATE
