REGISTER VAN PERSONEN-

Loeang Soerasina, 187, 188.
Loehon, 52, 55.
Loehoe, 154, 155.

Loenius (N.), 422, 424, 428, 429, 470,

516, 517, 524,
Lokomsant, 95, 447.
Lol, 217.

Lombok, 28, 47, 68, 112, 414, 528
Lonthoir, 156, 501.

Lor (nachoda), 210.

 (Pangeran), 252.
Lot (S.), 477.
Lotfulabeek, 595, 596.

Lotioe, 466.

s

rn
vt

EN PLAATS-NAMEN.                                    ;

Lotjau, 465.

Louys (C), 154.

Lubon, 72, 87, 89, 456, 457, 459 466.

Lucassen (A), 116.

Lucon, 181, 199.

Luton (D.), 58, 59, 65, 67, 7072,
80, 87, 88, 108, 112,

79,
114, 157, 169,

MI.

Maarssen, 507.

Macao, 358, 52, 55, 62, 64, 159, 161,
172, 185, 189, 196, 204, 244, 255,
266, 276, 563, 455, 456, 465-467.

Madagaskar, 5, 54, 96, 146, 158, 191,
211, 212, 255, 506-508, 510, 556,
451, 454.

Madampe (rivier), 120.

Madoera, 40, 126, 221, 291, 548, 406.
    (Naik van), 520.

Madrepake, 524.

ne 41, 45, 129, 526, 410,

Maes (P.), 9
Maetsuyker

560.
EA 21-24, 58,61, 122, 159,
16:55 -167, 176, 177, 187, 188,
195,

dr

572
    (W.), U
Maginado, 149, in:
Mahomed Chan, 446.
n    Sadok, 415.
Maikor, 302, 5035.
Makasar, 8, 9, 18,19, 25, 24, 27, 50
55-58, 40, 42, 46, 59, 67, 70, 79,
89, 109, 152-154, 158, 159, 14
147, 165, 164, 170, 171, 175, 176,

J,
7,
5,

Digitized by GO   gle

184, 204, 208, 221, 255, 248, 250,
251, 256, 259, 261, 265, 275, 275,
285, 287, 288, 296, 506, 547, 566,
575, 417, 469, 482, 524-526.

Luxemburg, 505.

Lyn (C. van der), 159.

Lypach, 428, 519.
190, 204, 207, 210, 217, 221, 224 -226,
256, 258, 244, 245, 251, 258, 262,
264267, 275, 276, 277, 279, 280,
282, 289, 292, 295 -298, 502, 505,
511, 3515, 531, 555, 535, 546, 547,
550, 557, 565, 565, 3575, 580, 584,
585, 400, 410, 415, 455, 454 456,
527.

Makasaren, 147, 225, 224, 266, 267, 297,
504, 554

Makian, 159, 165.

Malabar, 10, 96, 99, 117, 118, 121,

212, 252, 258, 264, 266, 272, 287,
511, 527, 449.
 Malabaren, 216.
Malaka, 17, 21, 25, 26, 28, 42, 46, 56,
59, 62, 71, 7577, 92, 101,
102, 114 -116, 121, 125, 125,
157, 167, 200, 210, 221 225,
258, 259, 242, 245, 256, 260,
261, 275, 274, 285, 288, 290,
295298, 515--515, 521, 529,
556, 545, 546, 559-562, 567,
A16 08 592, 400, 449, 475,
519, 520.
n   fiachoda),  145.
Original from

UNIVERSITY OF WISCONSIN
