REGISTER VAN PERSONEN- EN

Bakar-besi (Orang kaj).
Bakenor, 95.

Bakloeang, 81, 486, 506.
Bako, 217

Bakrasoor, 597.
Baksemboei, 197, 488, 490, 495, 505, 514.
Baldeus, 449.

20, 57, 149.

Bali, 72, 103, 104, 112, 155, 148, 150,
 151, 205, 221, 245, 246, 251, 270,

292, 295, 547, 549, 415, 414, 416.
Balimboang, 148.
Balletan, 502.
Baltensz (M.), 148.
Banamtin, 509.

Banda, 35, 19, 20, 27, 28, 55, 58, 72,
"131, 132, 155 -157, 147, 148,
165, 169, 205, 281-285, 295,

301 5306, 551, 334, 355, 3546,

547, 3503552, 355, 3557, 565,

576, 599, 456, 469, 485, 526.
 (rivier), 95, 98.
Bandanezen, 505, 511.

Bangkalis, 8, 25, 28, 47, 68, 150, 246,
269, 581, 585.

Bandjermasin, 28, 59, 45, 47, 49, 68,
1035, 110112, 114, 150, 140, 142,
143, 149, 150, 167, 205, 245, 246,
268, 269, 288, 291, 292, 296, 506,
511, 548, 350, 575, 414, 527.

Bangsulthan, 589.

Banjang, 269.

Banka, 547, 555, 572.

Bantam, 2, 5, 710, 15, 17. 27, ad

50, 52, 54, 55, 4045, 46, 47, 5
59, 6568, 7072, 7981, oen
12, 114, 150, 157,

105, 105109, 1

158, 150, 156, 169, 170, 184, 185, 204,
205, 207209, 221225, 225, 226,
229, 255258, 244, 245, 248 252,
256, 257, 259, 261265, 268, 269,
272275, 285, 287, 288, 292, 296,
299, 501, 506, 51L, 516, 528550,

Ald    mer er

535, 546 -548, 55155, 555, 965,

Digitized by Gor  gle

 Bantammers, 115, 221, 255,
Barampoera, 127, 521, 405.

PLAATS-NAMEN,            551
564, 566, 567, 569, 575, 577, 584,
409, 410, 414, 415, 417, 469, 470,

474, 482, 484, 524528,

259,

Barbier, 296.
Barbosa (A. S.), 276, 289, 294, 297.
 Barda, 589.

 Beke (F.

Bardes (rivier), 214.

Bardoean, 44, 240, 589, 590.

Barelto (F), 75.

Barmialapapoele, 10.

 Baron (HL), 49-54, 71, 74, 89 -92,
425, 455, 456459, 464, 466, 467,
471474,

Baros, 102.
Barra (J), 19, 50, 35, 79, 135, 147,
170172, 217, 225 dee 264, 266,

276278, 297,
Bartelsz (J.), 192.

298,

Basalor, 93, 97 -99, 159, 191.
Basin, 95, 94, 96, 447.
 Basoera, 45, 106, 264, 415, 442.

, Bassuy (D. de), 442.
 Basting (W.), 24, 58, 165.

Batakalo, 41, 179, 518.
Batavia, passim.
Batenburg (fort), 59.

Baljan, 56, 57, 159, 162, 165.
Bawean, 27, 205, 245, 268, 269, 2
565.

Bedi Indra (Sri), 21
Bedradim, 26,
Beebontok, 501, 504.
Beek (D. van der), 56.

 (WW. van der), 189, 257.
Been (A. van der), 175, 176.
Beja, 488.

Bekasi, 190.

   (rivier), 285, 284.
van der), 268.
Bekum (A. van), 506.
Belgica (fort), 504,

Original from

UNIVERSITY OF WISCONSIN
