554              REGISTER VAN PERSONEN- EN PLAATS-NAMEN.

Chavescan, 97, 21.

Chenda Soedormo, 58.

Cheribon, 6668, 87, 105, 246, 269,

292, 547, 548, 569, 414, 415,
527.
     (Pangeran), 71, 81, 115.

Chiampa, 51, 455, 454.

Chimtjau, 465.

China, 17, 51, 6264, 75, 74, 86, 146,
159, 181, 185, 197, 222, 563, 475,
487, 489, 502, 505, 510, 515 520.

Chincheu, 208, 495, 510.

    -eilanden, 489

Chinezen, 1, 5, 25, 51, 52, 56, 46, 47,
95, 65, 66, 70, 75, 74, 7880, 82,
84, 86, 88, 107, 128, 158, 140, 161,
170, 181, 182, 184, 185, 198, 199,
207, 209, 214, 222, 225, 229, 248,
249, 275, 284, 511, 553, 551, 558,
559, 561-564, 567, 568, 417421,
425425, 429, 465, 466, 468, 4717,
485, 487489, 491, 494, 496, 497,
505, 607, 508, 510, 516, 519, 524.

Chioot, 415.

Choen Apit Sioeri, 188.

Chom, 156.

Chonachora, 154.

Claesz (J.), 186, 568, 370, 457, 474.
 (Lb), 71, 166.

Clant (J.), 526.

 Clara (baai van St), 507.
, Clencke van Odessen (H.), 71, 178, 180,

195, 205, 207, 208, 556, 417, 418,
425, 475, 505.
Cnol (P.), 189.
Cochin-China, 181, 565, 468.
Cochoqua’s, 55, 245.
Coex (B.), 79, 500, 448.          :
Coen (T. P.), 457, 465, 464.
Concordia (fort), 164, 216, 219.
Cools (C.), 554.
Coreo (B.). 95, 98, 215, 214.
Cornelisz (M), 225.
’    (S), 547.

Cos (S.), 57, 58, 159, 282, 551.

Cots (J.), 564.

Coulster (L. van), 545, 401, 450, 451.

Couter (J.), 12.

Covet (F.). 62, 81-87, 169, 180, 196,
197, 205, 208, 417, 418, 425, 484,
487, 489, 505, 517, 519, 520.

Croesbeek, 595.

Croon (C.), 58.

 (IJ, 9, 20, 25, 54, 175, 176, 290,
294, 501, 470.

Curre (M.), 561, 595.

Cuylenburg (H.), 55, 155, 164, 216 -219,
276.

Cuyt (G), 215.

1:

Dacherom, 128, 545, 546, 407.
Dam (D. van), 99.
 (J. van), 45, 189, 2035, 287, 295,
551, 551, 555, 556, 564, 565.
Daman, 5, 156, 157, 264, 286, 287,
411, 441.
Dammans (W.), 454.
Damme (eiland), 20, 148, 511.
Dampa (nachoda), 114,
Danielsz (G.), 152.

Digitized by GO   gle

 Danielsz (J.), 577.

Dansburg (fort), 516.

Dapare, 486.

Dassen-eiland, 146.

Datis (J.), 252.

Dauphin (fort), 54, 506509.

Deenen, 7, 41, 44, 126, 316, 317, 595.
469, 484, 521.

 Deka, 6, 7, 44, 76, 77, 217, 259, 240,

514, 515, 587592, 598, 525.

Original from

UNIVERSITY OF WISCONSIN

