520                 REGISTER VAN PERSONEN- EN PLAATS-NAMEN.

KEK.

Kaap de Goede Hoop, 6, 14, 16, 19, 20,  Kasimabasar, 457.
28, 29, 357, 58, 45, 47, 55, 58, Kaspische zee, 464, 467.
71, 93596, 99103, 116, 118,  Katauen, 10, 252, 266, 267, 288, 311,
119, 152, 182, 185, 185, 193, 197,    535, 3567.               .
200, 219, 226, 230, 231, 254, 255,  Kdah, 6668, 84, 293, 470472.
281283, 297, 298, 350, 541, 344,  Kedoepa (eiland), 576.
352, 3555, 372, 584 386, 596, 598,  Keerdekoe (S.), 115, 564, 596.
403, 421, 451, 455, 455, 450, 452,  Kelck (D.), 245.                 :
475, 488, 493, 497, 499, 5O1, 502. Kendal, 11, 61, 65, 79, 105, 105, 125,
 Verde, 185.                145, 162, 164, 213, 238, 255, 509,
Kai-tsoe, 553, 85, 100, 122, 295, 294,   3565, 368, 592, 409, 427, 459, 460,
298, 513, 355, 375, 571, 382, 583,    481, 485, 507, 510.

586, 402, 457, 469, 471, 491. -      Kepper (J.), 119.
Kajeli, 361.                        Kerk (Maleische) te Batavia, 16.
Kalamata (kitjil), 24, 25, 5319, 520, 525 (Nederlandsche) te Batavia, 16.
525, 558--560, 362.               Kerkhof (Chineesch) te Batavia, 156.
Kalantan, 508.                     Kerper (J. van den), 73, 160, 574, 505.

Kali-anjar, 11, 78, 104, 124, 145, 162,  Kettingh (P.), 5.
164, 188, 255, 254, 509, 347, 392, Keulen, 415.
425, 459, 480, 484, 509.          Keyser (L. de), 245, 542, 377.
 -gangsa, 79, 189, 229, 245, -89, 509, , Kievidt (J.), 599, 400, 503.
511, 555, 425, 427, 481, 484, 508,  Klaka, 592.

510.                          Klencke (J. van), 401.
 -gapoe, 124, 252, 267, 509, 556, 547,   - van Odessen (H.), 156, 157, 584,
567, 480, 509.                    385.

-woengoe, 61, 79, 105, 187, 189,  Kleyer (A), 90, 245, 564.

207, 211, 218, 244, 252, 255, 267,  Koedoes, 12, 104, 126, 236, 254, 566,
483.                          568,7459, 481, 484, 507.

Kambodia, 24, 11, 17, 28, 85,91, 105,  Koelaka, 71.

265, 272, 275, 275, 276, 289, 298,  Koelon (pangeran), 505.

556, 341, 367, 585, 491, 505.       Koepang, 160.
Kampong-Bali te Batavia, 180.          Koetsjin, 6, 28, 29, 101, 107, 111, 120,
Kanara, 28, 29, 101, 111, 346, 597.   159142, 151, 176, 180, 192, 216,
Kandang-auer, 161, 425, 458, 482.        318, 346, 371, 397, 464, 474.
Kandia, 242.                        Koksinga, 4, 208, 259, 271 2753, 295
Kanton, 212, 568.                    295, 298, 555, 491.
Karang-anjar, 460.                 Kolombo, 111, 131, 135, 242, 529, 571,
 -gonang, 517,                   588, 450, 456, 479.
Karti Oetama, 418.                  Kombuis (groote) (eiland), 258.
Kasang, 158.                          ’    (kleine) (  ), 227, 544, 489.
Kasidjala (krang), 406.              , Komorin (kaap), 588.

Google
