REGISTER VAN PERSONEN- EN PLAATS-NAMEN.                525

575, 455, 456, 467, 478, 479, 495,   595, 417, 420, 422, 459, 455, 465,

496, 505.                  476, 505, 504.
Pays (C.), 154. Poeloe, 125.
 (M.), 272, 520.                  -bali, 152, 154.
Pearl, 33.                      -doea, 55.          .
Pedel (W.), 245. laut, 547.
Peirak, 67, 68, 84.                 -pandjang, 1352, 154, 151, 152, 496.

Pekalongan, 10, 11, 22, 60, 76, 78, 99,     -rhoen, 5.
104, 105, 124, 145, 164, 186, 189,  -siantan, 12.
210, 212, 255, 252, 254, 266, 288,    -timaon, 181, 219, 408.
508, 511, 353, 555, 566, 568, 390,    n -tjinko, 145, 205, 555, 398, 401.
592, 409, 410, 425, 459, 460, 481,  Poerbaia (pangeran), 114, 546.

485, 507, 509.                   Poes (J. A), 555.
Peking, 280. Point de Gale, 111, 151, 329, 371,
Pelletier, 415.                       4719.
Pemboeang, 2358.                    Pontang, 27, 178, 184, 200, 252, 242,
Peper-baai, 169.                 2715, 293, 3515, 533, 555, 582, 589,
Pereira (C.), 578, 585.                402, 404, 469, 470, 472, 475, 481,
 (M.), 189.                   487, 490, 496.

Perzie, 29, 99, 112, 115, 119, 120, 159,  Ponto-premera, 95.
141, 142, 148, 150, 177, 192, 195, Poolman (C), 421, 450, 502.
278, 518, 519, 540, 546, 589, 596, Portier (G), 116, 540, 564.
415415, 445, 455, 456, 464, 467, Portugal, 280.

473, 474, 485, 495.           Portugezen, 102, 276, 281, 295, 299,
Pieters (B), 149.                     526, 547, 451, 465 -467, 494.
Pietersze (C.), 272, 418.              Postillon-eilanden, 181.

Pieterszen (J.), 151, 550, 585.         Priaman, 68, 72, 204, 272, 500, 316,
Pilavoine (V.), 55, 48, 59, 110.          517, 599.

Pipeli, 488.                       Prinsen-eiland, 3552, 584.

Pit (L), 25, 90, 542, 441.            Punto das Pedras, 152, 507, 572.

Pits (J.), 2, 15, 45, 69, 119, 158, 157, Putmans (J.), 492.
158, 202, 247, 278, 295, 541, 550, Pyl (C.), 119.

)-
Quaelbergen (CG. van), S, 75, 3550, 466.  Quinam, 81, 508, 355, 552, 568, 585.
R.

Ranst (C.), 2, 5, 15, 56, 102, 121, 122,  Reghter (C.), 496.
180, 221, 257, 314, 344, 584, 402,  Rembang, 22, 33, 42, 5O, 51, 61, 77,
457, 467, 488.                    79, 85, 100, 103, 105, 114, 122, 125,

Reenen (van), 184. 126, 134, 141, 144, 146, 148, 155,

Google
