REGISTER VAN PERSONEN- EN PLAATS-NAMEN.                 515

Bombay, 259.                       Boudaen, 571.
Bonang, 12, 42, 78, 103, 105, 126, 145, Boudewyns (P.), 287, 317, 588.
162, 165, 186, 188, 211, 212, 254, Boulan (J. de), 90, 91, 277, 280, 528,

482, 509.                       542, 545.
Bone, 454. Bout (P. J.), 549, 550.
 (radja), 25, 196.              Brahan, 566, 568, 425, 460.
Bongas, 204.                      Brebes, 104, 145, 187, 211, 238, 254,
Bono, 566.   566, 409, 427, 481, 510.
Bonthain, 24, 366.                  Breen (G. van), 24, 106, 571.
Borang, 124.                    Brelius (T.), 149.

Borges da Silva (J.). 274, 275, 281, 542. Bremer (J.), 8, 75, 550.
Borghorst (J.), 16, 37, 55, 71, 94, 95, Brevinck (A), 245.
102,                          Broeck (M. van den), 94, 95, 230, 285.
Borneo, 366.                      Broecq (H. van den), 455.
Bort (B), 1, 2, 19, 28, 48, 121, 122, Broek (P. van den), 452.
181, 193, 209, 227, 259, 271275, Brouwerius (D.), 49, 475.
295, 513, 3550, 548, 3549, 372, 584, Buren (redoute), 424.
404, 405, 408, 415, 418, 450, 439, Burgh (P. van der), 433, 461, 476.
467, 489, 491. Butler (D.), 464, 467.

C.

Caef (W.), 5, 55, 40, 51, 54, 66, 68, 75, 202, 250, 242, 21, 278, 281, 507,
85, 152, 1553, 148, 151, 155, 185, 201,    529, 350, 571, 572, 379, 587, 588,
202, 208, 217, 229, 251, 242, 245,   597, 455, 458, 442, 450452, 45b,
247, 249, 250, 258260, 262, 264,    456, 467, 473, 474, 479, 493, 505.
275, 281, 298, 501, 515, 318, 527, Celebes, 24, 521.

3552, 552, 355, 564, 572, 375, 402, ' Ceram, 465, 466, 496, 505, 506.
415, 450, 455, 457, 449, 465, 468,  Cheribon, 5, 12, 22, 40, 41, 46, 61, 62,

474, 487, 495, 502.              79, 80, 104, 105, 124, 126, 145, 145,
Caesar (C.), 551.                   162, 164, 186, 188, 210, 215, 256,

 (MM), 24, 96, 115, 209, 260, 331, 258, 252, 254, 266, 288, 290, 508,

489.                     310, 335, 335, 347, 566, 368, 390,
Camp (A.), 260.                  592, 408, 410, 426, 427, 457, 460,
Camphuys (J.), 115, 208, 245, 3551, 548,    478, 479, 482, 485, 507, 509.

564. China, 96, 101, 105, 208, 273, 280, 281,

Caron (F.), 557, 371, 573, 582, 583, 386,    551, 555, 568, 592, 508.
3589, 402, 404, 416, 420, 452, 455, 451.  Chineezen, 4, 51, 91, 92, 132, 135, 141,

Carvallo (B.), 50.                      151, 152, 156, 258, 265, 271, 275,
Casembroot, 500.                 274, 277, 286, 287, 294, 295, 297,
Caulier, 306, 478.                    298, 315, 3555, 552, 355, 575, 585,

Ceilon, 15, 16, 94, 9, 102, 110, 111, 387, 402, 404, 406, 420, 451, 452,
159, 140, 150, 151, 177, 192, 195,    487, 496, 500, 505, 504.

Google
