REGISTER VAN PERSONEN- EN PLAATS-NAMEN.

Thievart, 306, 478.

Thomas (.), 151, 585.

Thomassen (B), 217.

Thornton (A), 153, 271, 438, 468, 488.

Tiboero, 376.

Tidore, 9, 115, 168, 170, 246, 554, 355,
357, 562, 565, 452 4b4.

Tikoe, 204, 399.

Timor, 10, 12, 22, 31, 75, 80, 102, 106,

159,
229,
591,
465,

161, 187, 189, 211, 215, 226,
257, 245, 255, 266, 290, 574,
425, 426, 456, 457, 451, 459,
481, 485, 505, 509.

Tjerita, 10, 20, 40, 60, 79, 124, 144, 187,
252, 265, 288, 309, 334, 391,

211,
425, 458, 481.
Tji-asem, 10, 12, 20, 40, 42, 60, 62,

79, 80, 105, 105, 124, 126, 143, 145,

529

Tjiringin, 10, 20, 40, 60, 79, 104, 113,
145, 187, 211, 256, 252, 265, 288,
298, 508, 555, 366, 591, 481.

Toeban, 10, 12, 154, 144, 590.

Toeboeng, 507.

Toedang, 481.

Toelang-bawang, 115.

Toelasig, 171.

Toli Gompo, 491.

Tombo, 483.

 Tomboeko, 357, 358.

 Tonkin, 17, 21, 353,
181, 205, 206, 208,

Torbaia, 267.

Towadjo, 72, 85, 98,

Tranquebar, 58, 359,
241, 242, 301, 552,

Trimelepatnam, 505.

74, 85, 95, 127,
3528, 585, 485, 488.

123, 327.
93, 98, 115, 229,
438, 459, 465, 496.

161, 1635, 185, 188, 210, 212, 256,  Trinkenomale, 2492.
238, 252, 254, 265, 266, 289, 309,  Troesan, 2035, 204, 399, 401.
311, 334, 555, 365, 367, 390, 592, Trong (singadja), 160.
409, 410, 425, 427, 458, 461, 482,  Truytmans, 117.
483, 507, 509. Turken, 112, 152.
Tji-lajer, 11.                      Turkije, 112.
Tjili Moeda, 361.                  Tutekorin, 111, 157, 588.
 -Tongga, 175.                  Tijgersgracht te Batavia, 277, 280, 5357.
U.

Utrecht (bolwerk), 419.  214, 259, 256, 269, 292, 512, 558,
Utrechtsche poort te Batavia, 15, 23,   570, 594, 412, 419, 429, 463, 486,
44, 64, 82, 107, 150, 166, 191,  bil.
VV.

Valckenier (C.), 17, 205, 529.

Vale (A. de), 19, 30, 31, 50, 51, 65
67, 77, 84, 85, 98, 99, 4, 115,
118, 119, 122, 125, 154, 140, 141,
152, 155, 158, 174, 194, 201.

Val (P.), 408.

Velters (J.), 1.

Verburgh (J.), 116.

DAGH-REGISTER ANNO 16.71

Google

' Verburgh (N.), 50, 66, 68, 160, 441, 442,
, Vermaire (W.), 76, 244, 530.
 Vernaty (L. P.), 46, 76.
 Verschuyt (E.), 440.

Verspreet (A.), 168, 171, 185, 246, 272,
   560, 362, 450, 4524b4.
 Vette (V.), 229.
 Viek (P. D. de), 297, 401, 405, 466.

34
