522

Lucasze (A), 408.
Lucipara (eiland), 547, 548, 350, 556, 574.
Luton (D.), 98, 226, 248.

REGISTER VAN PERSONEN- EN PLAATS-NAMEN.

Luyrelius (W.), 119.
Lydema (J.), 456.
Lyn (van der), 67.

M.

Maas (rivier), 572.

Macao, 28, 35,
100, 105, 117,
252, 272, 274, 275,
289, 295, 295, 501,
542, 355, 368, 3585,
496.

Madagascar, 58, 185, 284.

Madras, 470, 496.

Madraspatnam, 152, 282, 552, 474.

Madura, 42, 50, 79, 105, 125, 126, 144,
146, 162, 164, 186, 210, 213, 255,
267, 546, 547, 409, 481, 507, 509.

Mahomed-sjah, 205.

Mainstone, 5, 178, 179, 340.

Majoeta, 3509.

Majotsche eilanden, 475.

Makasar, 4, 11, 17-19, 22, 24, 26, 31,
41, 50, 51, 60, 61, 72, 75, 7678, 80,
81, 84, 88, 97, 102, 103, 105, 114,
118, 125, 125, 126, 134, 140, 141,
144, 145, 152, 159, 161, 165, 167
170, 172, 177, 179, 181, 182, 184
186, 188, 195, 196,      212,
217, 228, 229, 257,      , 260,
267, 290 3517, 520,     27, 534,
3540, 3544, 3546, 347, 550, 554, 355,
3558, 559, 561, 564, 566, 3568, 374,
577, 578, 587, 590, 404, 409, 411,
417420, 425, 425, 427, 452, 454,
457, 459, 450454, 458, 461, 468,
476, 481, 485, 491, 492, 496, 497,
505, 506, 508, 509.

Makasaren, 26, 50, 97,:171, 574,
451, 455, 457, 470, 475.

Makian, 1153, 554, 360.

Malabaarsch kwartier te Batavia, 305.

bb, 75, 85, 95,
155, 229, 245,
280, 281, 287,
502, 528, 555.
586, 590, 592,

41,
127,

406,

Digitized by GO   gle

 Malabar, 29, 140, 177, 278, 519, 529,
596, 597, 452, 464, 467, 475, 474.
 Malaka, 1, 2, 8, 10, 11, 16, 19, 20, 27,

28, 40, 42, 48, 50, 5659, 61,
635, 114, 115, 117, 118, 121
125, 125, 126, 155, 154, 146,
164, 174, 176, 177, 181, 187,
188, 192, 195. 195, 209, 212,
216, 219, 227229, 251, 255,
245, 247, 252, 259, 264, 266,
267, 2712735, 285, 288, 290,
295, 295, 500, 509, 511, 515,
516, 550, 555, 3547, 549, 356,
372, 584, 591, 592, 404, 406,
408, 410, 415, 418, 421, 425,
427, 450, 455, 438, 459, 441
445, 446, 452, 455, 459, 460,
465, 467, 469, 472474, 481,
489, 495, 502, 507, 510.
’   (straat), 241.
Maleiers, 51, 72, 141,
535, 547, 442.
Mamoni, 168.
Mandarsjah, 168, 173, 519, 324, 525.
Mandhar, 72, 104, 162, 169, 560, 406,
420, 454.
Maneter (eiland), 113, 500.
Mangarai, 11, 162.
Mangindano, 507.
Mangiti, 169.
Manila, 28, 41, 85, 100, 152, 155, 208,
229, 271-274.
Mapasompa, 125, 168.
Mapule, 418, 423, 4535.
Marchier (GC. B), 451.
' Mardykers, 12, 25, 45, 48, 65, 72, 82,
107, 129, 151, 146, 165, 184, 190,

152, 276, 278,

Original from

UNIVERSITY OF WISCONSIN
