REGISTER VAN PERSONEN- EN PLAATS-NAMEN.                 527

Sidajoe, 12, 22, 40, 61, 65, 79, 81, 105
105, 124, 126, 145, 162, 189, 215, ,
258, 409, 427, 480, 481, 485, 508,
bog.

Sidokari, 42, 103, 124, 144, 145, 255,
481, 482, 484.

Si-kwa, 30, 90.

Silebar, 92, 115, 201.

Silljaert (R.), 467.

Silva (J. de), 51.

Simons (M.), 151, 578.
 (P.), 578.
 (S), 8, 47, 90, 96, 101, 117,
227, 244, 272, 287, 3517.

Singa Marta (pangeran), 5.

Singanap, 61, 186, 210, 309, 3534, 556,
591.

Singa Perbangsa, 154.

Singaradja, 79, 146, 592.

Singa Wangsa (raden ngabchi), 76.

Sinkobaia, 590.

Sintok, 70.

Sipaman (J.), 168.

Siquero (J.), 578.

Siwasi, 518.

Six (D.), 1, 415, 44l.

Sjiraz, 464.

Sloot, 421.

Smient (D. J.), 57.

Smit (M.), 90, 119, 542, 3545.

Snouck (G.), 76, 99, 106, 120, 129, 262,
565, 584, 407, 425, 490, 492.

Socceda, 105.

Soekadana, 22, 535, 50, 126, 150, 152,
162, 500, 516, 465, 469.

Soela, 3557, 455.

Soelfoedisjah, 170.

Soembar, 12, 22, 40, 42, 61, 63, 80, 105,
105, 124, 126, 145, 164, 187, 211,
212, 255, 258, 252, 254, 309, 3554,
3555, 565, 568, 590, 592, 408, 410,
425, 427, 459, 460, 480, 484, 506,
509.

Google

Soembawa, 162, 188, 258.

Soemenep, 42, 79, 81, 104, 125, 267,
290, 566, 409, 411, 427, 458, 484,
508.

Soemoer, 508.

Soerabaia, 12, 42, 50, 61, 78, 103, 124,
126, 144, 145, 161, 165, 186, 189,
211, 218, 255, 258, 254, 267, 290,
5354, 555, 547, 3565, 568, 590, 592,
409, 410, 458, 460, 481, 485, 484,
506, 509.

Soerate, 6, 11, 16, 29, 54, 56, 47, 55,
60, 101, 110, 111, 116, 129, 159,
141 -145, 148, 151, 176, 177, 185,
192, 195 195, 201, 216, 251, 259,
262, 264, 3508, 518, 3519, 549, 557,
564, 571, 583, 586, 595, 402404,
415416, 418, 451, 452, 455, 457,
459, 441 -445, 449, 465, 495.

, Soeria di Laga (kiai adipati), 496.

 Negara (kiai demang), 444, 448,
487.

Soesoehoenan, 18, 19, 29, 50, 50, 66-
68, 77, 84, 85, 98, 114, 119, 122,
154, 155155, 158, 167, 174, 201,
218, 226, 285, 500, 506, 514316,
559, 587, 454, 468, 476, 477, 489,
490.

Solo, 520, 525.

Solor, 12, 146, 591, 466.

Sontar (rivier), 227.

Soolmans (I.), 76, 244, 550, 401, 405.

Sopeng (radja), 25.

Soury (J.), 8, 542.

Spanjaarden, 271, 272.

Specx (J.), 175, 578.

Speelenburgh (tuin), 458.

Speelman (GC), 18, 20, 169, 172, 196,
285, 520, 521, 555, 558, 559, 565,
564, 574, 576, 458, 441, 450, 454,
495.

Splinter (J.), 599, 400.

S' Helena, 421, 455.
