516

Claessen (L.), 149.
 (B), 119.

Clant (J.), 442.

Cloon (F. van), 425.

Cnol (P.), 121, 580.

Cochin-China, 67, 84.

Coddingh (J.), 156, 218.

Coehum (J.), 545.

Colbert, 285.

Colee (P.), 8, 90.

Collet, 48, 59, 110.

Cook (P.), 352.

Coolman (J.), 151, 585.

Coopman (P.), 88, 113, 120, 158, 202,
224, 228, 530.

Cops (J.), 76, 122, 176, 539, 436.

REGISTER VAN PERSONEN- EN PLAATS-NAMEN.

Corle (C. O.), 450.
Cornelissen (C.), 150.

 Correput, 297.

, Costa (M. de), 350.

 (P. de), 549.

Couper (J.), 19, 29, 50, 77, 84, 114, 122,
152, 158, 160, 175175, 177, 194,
218, 226, 248, 265, 265, 277, 284,
286, 294-298, 518, 526, 527, 559,
554, 564, 588, 416, 419, 452, 455,
451, 468.

, Gracouw (G.), 90, 91, 542.

' Cris (de), 555, 415, 420.

, Groegh (G. J.), 470.

 Croesen (F.), 91.

DD.

Dacres (H.), 470472, 474.

Dam (J. van), 227, 252, 242, 258, 294,
515.

Danielsen (J.), 119, 470.

Danisborg (fort), 58, 39, 95, 241, 242.

Dasi (singadja), 160.

David van Strantwyck (G. de), 76.

Deenen, 243, 247, 249, 250, 299, 554,
588, 454.

Delft, 14, 95, 95, 102, 116, 198, 552,
3572, 450, 492, 497.

Deli, 42.

Demak, 11, 18, 22, 31, 42, 61, 65, 98,
105, 118, 125, 126, 145, 155, 164,
186, 188, 210, 213, 256, 258, 252,
255, 267, 288, 290, 299,
510, 516, 554, 555, 566, 567, 387,
591, 408, 410, 418, 425, 427, 451,
458, 461, 481, 485, 507, 509.

Denemarken, 3, 58, 95, 98, 241, 496,
505.

Derbent, 464.

Dico (CG. J.), 452.

Diest (H.), 200.

Google

500, 509,

Batavia, 13, 25, 44, 64, 82,

157, 147, 158, 160, 166,

           214, 259, 256, 269, 292,

  512, 558, 555, 570, 587, 594, 412,

429, 465, 486, 511.

Dinckels (J.), 91, 245.

Dingding (eiland), 195.

Diringo, 42, 79, 104, 124, 145, 145, 162,
163, 186, 189, 210, 215, 256, 258,
254, 366, 590, 3592, 409, 411, 426,
427, 459, 460, 481, 483, 507, 509.

Disponteyn (D.), 576.

Djambi, 5, 1720, 22, 28, 54, 75, 75,

121, 1235, 157, 151, 152, 156,
159, 175, 179, 220224, 229
251, 251, 258, 260, 261, 271,
274, 279, 288, 509, 515, 528,
556, 555, 567, 575, 580582,
405, 404, 416, 421, 450, 440,
442, b4h449, 465, 474, 487,
502.
p   -neezen, 298, 446 449.

Djoeana, 11, 19, 50, 51, 42, 50, 60, 62,

77, 79, 80, 104, 105, 114, 119, 124,

 Diestpoort te
 107, 150,
180, 191,
