REGISTER VAN PERSONEN- EN PLAATS-NAMEN.

144,
213,

145, 155, 162, 186, 189,
254, 289, 509, 3353, 558,
3566, 590, 592, 408, 410, 425,
459, 480, 484, 507, 509.

10, 20, 61, 96, 101, 157, 220
2235, 227, 228, 2355, 252, 266,
271, 290, 298, 381, 582, 446,
447, 507.

.   -reezen, 528.

b17

 Dompo, 177, 554, 363, 564, 491.
 Doornicq (B. van), 452.
Driesen (J. van), 119.
 Dubbeldecop (W.), 24, 278.
Duinkerken, 502.
Duins, 383, 584.
Duizend eilanden, 115, 117.
, Dussen (L. van der), 29, 120, 151, 589,
596, 407, 456, 464.

Djotang, 79, 104, 124, 145, 162, 186, Dwars in den weg (eiland), 19, 117, 552,
189, 211, 5, 367, 510. 396.
Ei.
Eggersen (H.), 359, 242.              179, 193, 201, 218, 252, 243, 248
Engeland, 3, 17, 58, 95, 152, 155-157, 250, 258-260, 272, 301, 333, 342,
179, 184, 195, 194, 201, 202, 220, 345, 355, 380. 404, 418, 451, 433,
229, 231, 242 244, 247, 250, 259, 470, 487, 505, 506.
262, 352, 340, 387, 398, 405, 404, Enkhuizen. 14, 19, 20, 95, 100, 198,
413, 421, 431, 435, 437, 465, 469, 224, 555, 385, 596, 598, 498.
k11, 487, 491, 502, 504, 505.  Erbervelt (P.J), 554.

Engels (T.), 595.
Engelschen, 17, 28, 40, 85, 91, 92, 100,
120, 148, 149, 151, 152, 156, 178,

 Erkelanchem, 456.
 Es (D. van), 565.
' Europa, 152, 502.

EE

Falso (kaap), 587.

Fauconier (J.), 47, 48, 59, 109, 110.
Feirera (J.), 281.

Ferment (J.), 587.

Feron (H.), 27, 91, 116, 119, 262, 285.
Finisterre (kaap), 185.

Formosa, 208, 259, 260.

Foxeroft (G.), 470472, 474.

Frankrijk, 16, 54, 47, 152, 1835, 251,
285, 451, 452, 435, 451, 502.
Franschen, 219, 220, 250, 251, 259, 285,
402404, 420, 451455, 457, 459,
449, 451, 465, 467, 487, 502, 505.

, Franx (C.), 3548, 549, 556, 574, 405,

428.
 Frontenius (F.), 430.

Gr.

Galisse (A. van), 549, 556.
Gallus (L.), 197.

Gamron, 456, 464.
Garoeda, 103.

Google

 Geere (J. de), 408.
Geesten (J. van), -17.
Geldria (kasteel), 456.
Gillis, 415.
