528

S' Helena, (baai van), 220.

 Jago, 231, 431.

 Joanna (eiland), 452.

 Joris (fort), 470, 471.
 Nicolaas-baai, 17, 544, 386, 431.
 Palma, 450.

 Vincent, 282.

REGISTER VAN PERSONEN- EN PLAATS-NAMEN,

118, 152, 181, 185, 200, 207, 208,
226228, 251, 281, 297, 544, 355,
557, 564, 584586, 3596, 419421,
451, 455, 457, 456, 495, 495, 499,
500, 505.

Strantwyck (G.), 8, 550 466.

Struys (A), 47, 91, 96, 101, 117, 245,

Stadlander (J.), 91                     542, 545, 475.
Stangerus (J.), 470.                  Sumatra's Westkust, 2, 15, 45, 65, 66,
Steenhoff (B), 574, 575, 587, 467.       68, 69, 81, 88, 119, 120, 126, 158,
Sterckenburgh (J. van), 119, 121, 565.     159, 149, 157, 158, 165, 174176,
Straat Banka, 115, 547549, 556, 502.    202, 205, 246, 278, 295, 515, 514,
 Malaka, 459.               329, 540, 350, 595, 598, 403, 407,
 Soenda, 15, 1719, 28, 54, 51, , 417, 418, 420, 421, 458, 449, 455,
66, 68, 84, 92-95, 99, 115, 116, ' 465, 475, 476, 503, 504.
TE.

Taboekan, 169, 561, 452.

Taboelan, 509, 511.

Tadoenang, 22, 42, 79, 124, 145, 146,
161, 163, 189, 255, 267, 290, 354,
566, 568, 591, 411, 426, 427, 458,
481,.-484, 507, 509.

Taelman (C.), 91, 545, 595.

Taets (W. J.), 408.

Tafel-baai, 95, 102,

Tagal, 12, 22,
103, 105,
165, 186,
252, 254,

183, 220, 250.

40, 42, 61, 63, 79, 81,

124, 126, 1435, 145, 161,

188, 210, 215, 255, 238,

266, 510, 554, 555, 565,
568, 590, 592, 409, 411, 425, 427,
458, 461, 480, 483, 507, 509.

Tagoelanda, 169, 561.

Taioean, 45, 46, 85, 92, 102, 201,
217, 259, 262264, 271 275,
294, 298, 315, 555, 352, 555,
575, 385, 491, 505.

Tambalang, 509.

Tanara, 10, 20, 40, 60, 79, 104,
162, 178, 184, 200, 242, 258,
288, 508, 566, 590, 392, 409,
470, 472, 480.

208,
295,
555,

144,
266,
426,

Digitized by GO   gle

Tana-raksa, 114.

Tanette, 324.
    (radja), 25

Tangeran, 10, 20, 40, 60, 104, 124, 161,
187, 211, 227, 256, 252, 265, 555,
590, 409, 458, 479, 481, 509.

Tanoewangsa, 461.

, Tapaki, 70.

Tartaren, 502, 464, 467, 505.
Tegenapatnam, 54, 95, 505, 553.
Tello, 72, 85, 97, 98, 106, 123.
 (radja), 24, 25, 155, 165, 184, 525
404,
Terhorst (H.), 90, 91, 121, 542, 545, 580.

, Ternate, 9, 17, 18, 24, 26, 31, 115, 114,

 Ternatanen, 98,
Terville (H.),

 Texel,

167170,
246,

172, 173, 185, 195,
249, 250, 272, 290, 519
2, 524, 525, 555, 554, 555, 557
1, 364, 578, 587, 417, 420, 426,
450, 452 454, 459, 475, 476, 505, 506.
3557559, 561, 576,

8, 549.

Teuver, 305.

282, 297, 541, 555, 572,
596, 598, 450.

585, 587,

Original from

UNIVERSITY OF WISCONSIN

