524

REGISTER VAN PERSONEN- EN PLAATS-NAMEN.

O.-

Ockerse (O.), 24, 51, 55, 65, 227, 280,  Ontong-Djawa, 187, 211, 258, 458.

295, 298, 419, 4538, 475, 475.
Oedjoeng-pandan, 521 525. 326, 359, 365.
 -salang, 67, 68, 84.
Oedoeg, 104.
Oelakan, 70.
Ohrsen (J. d’), 156, 157.
Onrust, 271, 450452.
 (Engelsch), 405.

 Oppynen (J. van), 18, 177, 321, 491.
Osmedos de Suras (baai), 220, 251.
Outhoorn (W. van), 24, 244, 565, 580,

475.

Overbeke (A. van), 492, 495, 497.
Overtwater (J.), 565.

.    (P. A), 9, 17, 31, 119, 150,
173, 260, 262, 354, 441, 450, 472.

De

Padang, 10, 20, 42, 6971, 202204,

247, 252, 266, 288, 509, 554, 355,

598, 599, 410.
Padjang-koenang,
297, 546, 3577.

Padjarakan, 144, 409, 481.

Pahang, 255, 288, 555.

Paliakate, 33, 57, 565, 93, 117, 123, 158,
159, 157, 175177, 195, 197, 242,
265, 282, 304507, 555, 425, 424,
455, 473.

Pamalang, 12, 20, 40, 42, 62, 78, 105,
105, 124, 126, 145, 162, 165, 187,
189, 211, 213, 255, 238, 252, 254,
3509, 334, 535, 565, 568, 592, 425,
459, 461, 480, 483, 508, 510.

155, 277, 284, 287,

Pamanoekan, 12, 42, 60, 62, 78, 80, 104,

105,
187,
267,
568, 590, 592,
458, 461, 480, 481, 485, 507.
Palaka (radja), 24, 25, 125, 167, 168,
181, 185, 196, 3525, 526, 527, 559,
452, 454,
Palembang, 10, 12, 26, 27, 31, 52, 40,

124,
210,
290,

144,
215,
509,

145, 161, 164, 186,
236, 258, 252, 254,
310, 3534, 535, 566,
409, 410, 425, 427,

41, 6062, 75, 75, 79, 105, 117, 118,

121125,
187, 188,

125, 126, 145, 164, 184,
194, 211, 212, 227, 251,

Digitized by GO   gle

252, 254, 259, 265,

288, 290, 309, 311,

550, 5354, 555, 3556,

579, 593, 404 406,
409, 411, 418, 421, 425, 427, 459,
441, 459461, 466, 468, 482, 483,
496, 500, 505, 508, 509.

Palembangers, 449, 465, 496, 497.

Pampangers, 151.

Panaroekan, 507.

Panpenaar, 305.

Pantjana, 558, 559, 454.

Paranauw (F.), 151, 583.

Pariture, 195, 196.

Parijs, 185.

Pasaman, 204, 399.

Pasir, 12, 22, 164, 188, 213, 258, 416.

Pasirakan, 145.

Pasir-ikan, 163.

Pasoeroean, 104, 127, 187, 211, 258, 567.

Patani, 10, 567, 480, 508.

Patikoe (radja), 25.

Patoe-dioe (radja), 24, 25.

Patoepangan, 204.

Pau, 69, 158.

Pauw (P.), 42, 81, 107, 128, 190, 200,
207, 225, 226, 557, 462, 485, 499, 502.

Pavillioen (A), 54, 57, 55, 935, 125, 139,
176, 197, 264, 305, 3506, 308, 3559,

255,
272,
3517,
565,

244, 250,
277279,
526, 528,
568, 574,

Original from

UNIVERSITY OF WISCONSIN
