514

REGISTER VAN PERSONEN- EN PLAATS-NAMEN.

B.

Babay (H.), 35530.

Baboeti, 171.

Backer, 401, 466.

 (T.M), 332, 352,
Baixos de Padua, 120.
Bajang, 205, 204, 399, 401.

Baka (radja), 454.

Bakliangan, 162.

Bali, 42, 61, 80, 103, 125, 144, 148,
161, 187, 210, 255, 3555, 566, 590,
409, 459, 460, 480, 507.

Balimboangan, 5, 18, 85.

Balineesch-kwartier te Batavia,

Banda, 5, 9, 51, 79, 85, 98,
146, 149, 162, 165, 174,
217, 218, 2352, 257, 247,
267, 529, 345, 546, 552,
406, 425, 454, 456, 450,
476, 477, 485, 501.

Bandanezen, 151, 578.

Bandjar, 22, 79, 104, 144, 145, 161, 165,
187, 188, 211, 213, 255, 257, 254,
266, 333, 366, 368, 590, 592, 409,
bil, 427, 458, 461, 481, 485, 508,
50g.

Bandjermasin, 5, 161, 181, 182, 209, 274,

Bangkala (radja), 25.

Banka, 449, 465, 466, 468, 496, 505.
 (eiland) bij Menado, 169.

 (straat), 51, 52, 260, 265, 271,

272.

Bantam, passim.
 -mers, 458.

Bareu (J.), 451.

Baros, 45, 61, 66-68, 70, 84, 188, 204,
258, 263, 264, 295, 296, 500, 516,
517, 592, 599, 410, 427.

Basangan, 1135.

Bassora, 111, 112, 142.

Batang, 11, 187, 211, 215.

Batikalo, 555, 554, 572, 575, 456.

Idar ied

575, 405, 416.

137.
125, 144,
159, 212,
248, 258,
354, 363,
451, 458,

Digitized by (GO      le
8

Batjan, 115, 168, 172, 246, 554.

Baukes (N.), 90, 245, 542.

Beeek (D), 152, 3545.

Beecq (H. van), 296, 519, 421, 468, 488.
Been (A. van der), 90, 115, 542.

Bekasi (rivier van), 179.

 Bekendorp (H.), 227.

Bogaert (A),

 Boleq (D. van

Belien (radja), 26.
Bengale (D.), 550.
Bengalen, 1, 5, 15,
115, 121-1253,
177, 179, 180,
221, 259. 257,

56, 42, 55, 75, 102,

155, 156, 142, 176,

190, 192, 193, 197,

269, 282, 515, 557,
345, 549, 364, 583, 584, 589, 401,
402, 408, 459, 445, 457, 467, 469,
470, 473, 474, 485, 488, 490.

Bengkalis, 105, 235, 252, 289, 461.

Bilawa, 454.

Billiton, 426.

Bima, 22, 177, 181, 188, 237, 254, 267,
290, 554, 563, 364, 484, 491.

Bintaim, 454.

Bischoff, 55.

Blauwmeulen (J.), 260.

Bliek (J.), 440.

Blitar, 18.

Bodong, 12, 211, 254, 565, 568, 592,
459, 460, 481, 485, 508, 509.

Boegineezen, 98, 102.

Boekit-boeloes, 158.

Boeloe-boeloes, 257, 524.

Boengaja, 560, 561.

Boeton, 79, 105, 145, 165, 168, 175,

195, 196, 210, 213, 237,

266, 311, 520, 521, 547,

566, 374576, 590, 592,

484, 491, 492, 505 507,

101, 139, 259, 374, 595,
441, 442.
den), 417.

Original from

UNIVERSITY OF WISCONSIN
