REGISTER VAN PERSONEN- EN PLAATS-NAMEN.               519

Hurt (A.), 83, 174, 529, 346, 406, 457, 279, 517, 526, 350, 374, 404 -406,
450.                         418, 441, 500.
 (M.), 26, 27, 47, 60, 73, 117, 194, Huys (P. C), 181.
195, 227, 244, 250, 259, 272, 277, Huysman (A), 90, 342.

IT.          4
Ima Raksa (kiai loerah), 6668, 84.    L 555, 547, 566, 568, 389, 392, 408,
Indragiri, 252, 258, 3550, 3547, 548,   410, 425, 427, 458, 461, 482, 485,
427.                           508, 509.

Indramajoe, 10, 11, 22, 40, 42, 61, 62, Indrapoera, 69, 158, 205, 247, 295,
78, 80, 104, 105, 124, 126, 143, 145, 296, 398, 400, 401, 455.
161, 164, 186, 189, 210, 212, 255, ' Isbrantse (H.), 548.
238, 252, 254, 267, 509, 311, 334, ' Ispahan, 464, 467.

J
Jacobs (B), 418.   290, 294299, 508, 315, 514, 5316
 (M), 469.                518, 526, 527, 529, 553, 334, 5359,
Jafnapatnam, 55, 56, 152, 508, 555, 554.    3443547, 550, 554, 365, 564, 566,
572, 315, 456.                  567, 577, 387, 588, 3591, 395, 405,
Jakatra (koninkrijk), 76.                406, 409, 411, 416420, 425,

 (schans), 13, 25, 44, 64, 82, 107,    427, 432, 455, 457, 458, 450 452,
1350, 147, 166, 191, 214, 259, 256,    458, 468, 476, 477, 480, 484, 506,
269, 292, 512, 558, 570, 594, 412,    509.

429, 463, 486, 511.               Javaansch-kwartier te Batavia, 136.
Jansen (M.), 479,                Javanen, 15, 18, 19, 235, 28, 50, 82,
  (W), 547.             92, 98, 108, 118, 122, 125, 157,

Japan, 1, 16, 17, 20, 52, 5558, 85,    l4l, 147, 152, 155, 156, 159, 166,
88, 96, 106, 107, 115, 116, 207209,    177179, 185, 184, 191, 195, 214,
219, 250, 255, 260, 266, 282, 294,   227, 259, 256, 277, 292, 294, 512,
500, 515, 551, 548, 551, 555, 556,    518, 558, 547, 552, 570, 587, 594,

fer

572, 374, 578, 579, 408, 417, 489,   412, 420, 422, 429, 465, 465, 466,
490, 492.             469, 479, 486, 487, 497, 5OL,
Japaneezen, 287, 517, 546.              511.

Japara, 11, 18, 19, 22, 2931, 42, 49 -  Jonckers-gracht te Batavia, 158.
51, 65, 6568, 77, 78, 80, 85-85, 98, Jongelingh (A), 116.
99, 103, 114, 115, 118, 119, 122, 123, Jongh (M. de), 25, 27, 50, 60,
125, 134, 140, 141, 144, 145, 152,   72, 97, 123, 140, 167, 517, 3525,
155, 158, 160, 161, 165, 175 175, '  526, 3540, 550, 3559, 361, 374, 417,
177, 179, 181, 186, 194, 201, 210,   450.
213, 218, 220. 226, 255, 238, 248 Jonker (kapitein), 151, 154, 383.
250, 252, 263, 265, 284, 286, 287,

Original from

piokized by (SO   gle                     UNIVERSITY OF WISCONSIN
